2.947 320 1460.25 64.20 255
3.307 320 1460.25 64.20 255
3.674 320 1460.25 64.20 255
4.045 320 1460.25 64.20 255
4.404 320 1460.25 64.20 255
4.78 320 1460.25 64.20 255
5.152 320 1460.25 64.20 255
5.515 320 1460.25 64.20 255
5.516 :pwm0
5.882 320 1460.25 64.20 0
6.249 320 1460.25 64.20 0
6.608 320 1460.25 64.20 0
0.0 320 1460.25 64.20 0
0.368 320 1460.25 64.20 0
0.736 320 1460.25 64.20 0
1.096 320 1460.25 64.20 0
1.468 320 1460.25 64.20 0
1.83 320 1460.25 64.20 0
2.199 320 1460.25 64.20 0
2.564 320 1460.25 64.20 0
2.929 320 1460.25 64.20 0
3.288 320 1460.25 64.20 0
3.658 320 1460.25 64.20 0
4.018 320 1460.25 64.20 0
4.388 320 1460.25 64.20 0
4.751 320 1460.25 64.20 0
5.128 319 1453.63 64.33 0
5.488 320 1460.25 64.20 0
5.845 320 1460.25 64.20 0
6.215 320 1460.25 64.20 0
6.583 320 1460.25 64.20 0
6.943 320 1460.25 64.20 0
7.312 320 1460.25 64.20 0
7.683 321 1466.89 64.08 0
8.037 320 1460.25 64.20 0
8.407 321 1466.89 64.08 0
8.768 320 1460.25 64.20 0
9.139 321 1466.89 64.08 0
9.498 321 1466.89 64.08 0
9.873 321 1466.89 64.08 0
10.23 321 1466.89 64.08 0
10.608 321 1466.89 64.08 0
10.963 321 1466.89 64.08 0
11.333 321 1466.89 64.08 0
11.71 321 1466.89 64.08 0
12.064 321 1466.89 64.08 0
12.43 321 1466.89 64.08 0
12.788 322 1473.55 63.96 0
13.154 322 1473.55 63.96 0
13.519 322 1473.55 63.96 0
13.889 322 1473.55 63.96 0
14.254 321 1466.89 64.08 0
14.622 322 1473.55 63.96 0
14.983 322 1473.55 63.96 0
15.353 322 1473.55 63.96 0
15.711 322 1473.55 63.96 0
16.101 322 1473.55 63.96 0
16.449 322 1473.55 63.96 0
16.81 322 1473.55 63.96 0
17.175 323 1480.22 63.84 0
17.543 322 1473.55 63.96 0
17.904 323 1480.22 63.84 0
18.273 323 1480.22 63.84 0
18.643 322 1473.55 63.96 0
19.008 323 1480.22 63.84 0
19.369 323 1480.22 63.84 0
19.735 323 1480.22 63.84 0
20.103 323 1480.22 63.84 0
20.462 323 1480.22 63.84 0
20.837 323 1480.22 63.84 0
21.197 323 1480.22 63.84 0
21.567 323 1480.22 63.84 0
21.941 324 1486.92 63.72 0
22.297 323 1480.22 63.84 0
22.657 324 1486.92 63.72 0
23.025 324 1486.92 63.72 0
23.395 324 1486.92 63.72 0
23.755 324 1486.92 63.72 0
24.119 324 1486.92 63.72 0
24.489 324 1486.92 63.72 0
24.863 324 1486.92 63.72 0
25.223 324 1486.92 63.72 0
25.583 324 1486.92 63.72 0
25.949 324 1486.92 63.72 0
26.319 324 1486.92 63.72 0
26.679 324 1486.92 63.72 0
27.051 324 1486.92 63.72 0
27.411 325 1493.63 63.59 0
27.782 324 1486.92 63.72 0
28.146 324 1486.92 63.72 0
28.506 325 1493.63 63.59 0
28.872 325 1493.63 63.59 0
29.239 325 1493.63 63.59 0
29.605 324 1486.92 63.72 0
29.973 325 1493.63 63.59 0
30.341 325 1493.63 63.59 0
30.706 325 1493.63 63.59 0
31.074 325 1493.63 63.59 0
31.434 325 1493.63 63.59 0
31.804 326 1500.36 63.47 0
32.167 326 1500.36 63.47 0
32.541 326 1500.36 63.47 0
32.896 326 1500.36 63.47 0
33.266 326 1500.36 63.47 0
33.626 326 1500.36 63.47 0
33.998 326 1500.36 63.47 0
34.355 327 1507.12 63.35 0
34.725 326 1500.36 63.47 0
35.093 326 1500.36 63.47 0
35.453 326 1500.36 63.47 0
35.823 326 1500.36 63.47 0
36.187 326 1500.36 63.47 0
36.557 326 1500.36 63.47 0
36.917 326 1500.36 63.47 0
37.287 327 1507.12 63.35 0
37.647 327 1507.12 63.35 0
38.017 327 1507.12 63.35 0
38.385 327 1507.12 63.35 0
38.745 327 1507.12 63.35 0
39.108 327 1507.12 63.35 0
39.48 327 1507.12 63.35 0
39.84 327 1507.12 63.35 0
40.212 327 1507.12 63.35 0
40.579 328 1513.89 63.23 0
40.939 328 1513.89 63.23 0
41.307 328 1513.89 63.23 0
41.677 328 1513.89 63.23 0
42.037 328 1513.89 63.23 0
42.401 328 1513.89 63.23 0
42.771 328 1513.89 63.23 0
43.135 328 1513.89 63.23 0
43.496 328 1513.89 63.23 0
43.876 328 1513.89 63.23 0
44.228 328 1513.89 63.23 0
44.598 329 1520.68 63.11 0
44.962 328 1513.89 63.23 0
45.332 328 1513.89 63.23 0
45.696 328 1513.89 63.23 0
46.058 328 1513.89 63.23 0
46.427 329 1520.68 63.11 0
46.787 329 1520.68 63.11 0
47.155 328 1513.89 63.23 0
47.521 329 1520.68 63.11 0
47.89 329 1520.68 63.11 0
48.255 329 1520.68 63.11 0
48.615 329 1520.68 63.11 0
48.985 329 1520.68 63.11 0
49.349 329 1520.68 63.11 0
49.709 330 1527.49 62.99 0
50.079 330 1527.49 62.99 0
50.443 330 1527.49 62.99 0
50.813 330 1527.49 62.99 0
51.179 330 1527.49 62.99 0
51.547 330 1527.49 62.99 0
51.909 330 1527.49 62.99 0
52.273 330 1527.49 62.99 0
52.642 330 1527.49 62.99 0
53.002 330 1527.49 62.99 0
53.366 330 1527.49 62.99 0
53.736 330 1527.49 62.99 0
54.106 330 1527.49 62.99 0
54.47 330 1527.49 62.99 0
54.83 330 1527.49 62.99 0
55.2 331 1534.32 62.87 0
55.561 331 1534.32 62.87 0
55.931 330 1527.49 62.99 0
56.298 331 1534.32 62.87 0
56.658 331 1534.32 62.87 0
57.027 331 1534.32 62.87 0
57.392 331 1534.32 62.87 0
57.752 331 1534.32 62.87 0
58.126 331 1534.32 62.87 0
58.488 331 1534.32 62.87 0
58.857 331 1534.32 62.87 0
59.216 332 1541.17 62.75 0
59.58 332 1541.17 62.75 0
59.95 332 1541.17 62.75 0
60.316 332 1541.17 62.75 0
60.68 332 1541.17 62.75 0
61.05 332 1541.17 62.75 0
61.408 332 1541.17 62.75 0
61.778 332 1541.17 62.75 0
62.144 332 1541.17 62.75 0
62.512 332 1541.17 62.75 0
62.872 332 1541.17 62.75 0
63.242 332 1541.17 62.75 0
63.606 332 1541.17 62.75 0
63.976 332 1541.17 62.75 0
64.336 332 1541.17 62.75 0
64.698 333 1548.04 62.64 0
65.072 332 1541.17 62.75 0
65.434 333 1548.04 62.64 0
65.798 333 1548.04 62.64 0
66.161 333 1548.04 62.64 0
66.528 333 1548.04 62.64 0
66.898 333 1548.04 62.64 0
67.258 333 1548.04 62.64 0
67.622 333 1548.04 62.64 0
67.992 333 1548.04 62.64 0
68.352 334 1554.94 62.52 0
68.724 334 1554.94 62.52 0
69.084 334 1554.94 62.52 0
69.452 334 1554.94 62.52 0
69.818 334 1554.94 62.52 0
70.182 334 1554.94 62.52 0
70.552 334 1554.94 62.52 0
70.912 334 1554.94 62.52 0
71.282 334 1554.94 62.52 0
71.648 334 1554.94 62.52 0
72.008 334 1554.94 62.52 0
72.378 334 1554.94 62.52 0
72.742 334 1554.94 62.52 0
73.111 334 1554.94 62.52 0
73.475 334 1554.94 62.52 0
73.835 335 1561.85 62.40 0
74.204 334 1554.94 62.52 0
74.57 334 1554.94 62.52 0
74.94 335 1561.85 62.40 0
75.304 335 1561.85 62.40 0
75.664 335 1561.85 62.40 0
76.034 335 1561.85 62.40 0
76.394 335 1561.85 62.40 0
76.767 335 1561.85 62.40 0
77.132 335 1561.85 62.40 0
77.493 335 1561.85 62.40 0
77.861 336 1568.78 62.28 0
78.223 335 1561.85 62.40 0
78.591 336 1568.78 62.28 0
78.957 336 1568.78 62.28 0
79.32 336 1568.78 62.28 0
79.69 336 1568.78 62.28 0
80.05 336 1568.78 62.28 0
80.42 336 1568.78 62.28 0
80.783 336 1568.78 62.28 0
81.153 336 1568.78 62.28 0
81.513 336 1568.78 62.28 0
81.877 336 1568.78 62.28 0
82.244 336 1568.78 62.28 0
82.615 336 1568.78 62.28 0
82.981 336 1568.78 62.28 0
83.343 336 1568.78 62.28 0
83.714 337 1575.73 62.16 0
84.074 337 1575.73 62.16 0
84.444 336 1568.78 62.28 0
84.81 337 1575.73 62.16 0
85.17 337 1575.73 62.16 0
85.539 337 1575.73 62.16 0
85.903 337 1575.73 62.16 0
86.273 337 1575.73 62.16 0
86.633 338 1582.70 62.05 0
86.997 338 1582.70 62.05 0
87.363 338 1582.70 62.05 0
87.732 338 1582.70 62.05 0
88.092 338 1582.70 62.05 0
88.461 337 1575.73 62.16 0
88.825 338 1582.70 62.05 0
89.188 338 1582.70 62.05 0
89.556 338 1582.70 62.05 0
89.929 338 1582.70 62.05 0
90.292 338 1582.70 62.05 0
90.653 338 1582.70 62.05 0
91.025 338 1582.70 62.05 0
91.385 338 1582.70 62.05 0
91.751 338 1582.70 62.05 0
92.118 338 1582.70 62.05 0
92.478 338 1582.70 62.05 0
92.852 339 1589.69 61.93 0
93.215 339 1589.69 61.93 0
93.575 339 1589.69 61.93 0
93.946 339 1589.69 61.93 0
94.316 339 1589.69 61.93 0
94.676 339 1589.69 61.93 0
95.04 339 1589.69 61.93 0
95.404 339 1589.69 61.93 0
95.774 339 1589.69 61.93 0
96.142 339 1589.69 61.93 0
96.502 340 1596.70 61.81 0
96.868 340 1596.70 61.81 0
97.238 340 1596.70 61.81 0
97.605 340 1596.70 61.81 0
97.964 340 1596.70 61.81 0
98.333 340 1596.70 61.81 0
98.699 340 1596.70 61.81 0
99.067 340 1596.70 61.81 0
99.427 340 1596.70 61.81 0
99.796 340 1596.70 61.81 0
100.16 340 1596.70 61.81 0
100.528 340 1596.70 61.81 0
100.886 340 1596.70 61.81 0
101.253 340 1596.70 61.81 0
101.623 340 1596.70 61.81 0
101.988 341 1603.73 61.69 0
102.363 341 1603.73 61.69 0
102.723 341 1603.73 61.69 0
103.082 340 1596.70 61.81 0
103.452 341 1603.73 61.69 0
103.812 341 1603.73 61.69 0
104.179 341 1603.73 61.69 0
104.547 341 1603.73 61.69 0
104.923 342 1610.79 61.58 0
105.279 342 1610.79 61.58 0
105.641 342 1610.79 61.58 0
106.012 342 1610.79 61.58 0
106.377 342 1610.79 61.58 0
106.738 342 1610.79 61.58 0
107.106 342 1610.79 61.58 0
107.468 342 1610.79 61.58 0
107.837 342 1610.79 61.58 0
108.201 342 1610.79 61.58 0
108.571 342 1610.79 61.58 0
108.931 342 1610.79 61.58 0
109.295 342 1610.79 61.58 0
109.665 342 1610.79 61.58 0
110.039 343 1617.86 61.46 0
110.396 342 1610.79 61.58 0
110.758 342 1610.79 61.58 0
111.125 343 1617.86 61.46 0
111.505 343 1617.86 61.46 0
111.855 343 1617.86 61.46 0
112.218 342 1610.79 61.58 0
112.588 343 1617.86 61.46 0
112.948 343 1617.86 61.46 0
113.322 343 1617.86 61.46 0
113.682 343 1617.86 61.46 0
114.048 343 1617.86 61.46 0
114.415 343 1617.86 61.46 0
114.784 343 1617.86 61.46 0
115.149 344 1624.96 61.35 0
115.509 344 1624.96 61.35 0
115.879 344 1624.96 61.35 0
116.243 344 1624.96 61.35 0
116.607 344 1624.96 61.35 0
116.977 344 1624.96 61.35 0
117.341 344 1624.96 61.35 0
117.707 343 1617.86 61.46 0
118.067 344 1624.96 61.35 0
118.435 344 1624.96 61.35 0
118.795 344 1624.96 61.35 0
119.166 344 1624.96 61.35 0
119.526 344 1624.96 61.35 0
119.895 345 1632.07 61.23 0
120.259 344 1624.96 61.35 0
120.623 345 1632.07 61.23 0
120.993 345 1632.07 61.23 0
121.353 345 1632.07 61.23 0
121.725 345 1632.07 61.23 0
122.085 345 1632.07 61.23 0
122.454 345 1632.07 61.23 0
122.814 345 1632.07 61.23 0
123.184 345 1632.07 61.23 0
123.554 345 1632.07 61.23 0
123.916 345 1632.07 61.23 0
124.276 345 1632.07 61.23 0
124.646 346 1639.21 61.11 0
125.015 346 1639.21 61.11 0
125.379 346 1639.21 61.11 0
125.741 346 1639.21 61.11 0
126.111 346 1639.21 61.11 0
126.469 346 1639.21 61.11 0
126.839 346 1639.21 61.11 0
127.208 346 1639.21 61.11 0
127.569 346 1639.21 61.11 0
127.938 346 1639.21 61.11 0
128.3 346 1639.21 61.11 0
128.67 346 1639.21 61.11 0
129.031 346 1639.21 61.11 0
129.395 347 1646.37 61.00 0
129.766 346 1639.21 61.11 0
130.126 347 1646.37 61.00 0
130.498 347 1646.37 61.00 0
130.857 347 1646.37 61.00 0
131.225 347 1646.37 61.00 0
131.593 347 1646.37 61.00 0
131.953 347 1646.37 61.00 0
132.32 347 1646.37 61.00 0
132.687 347 1646.37 61.00 0
133.047 348 1653.55 60.88 0
133.421 348 1653.55 60.88 0
133.781 347 1646.37 61.00 0
134.151 348 1653.55 60.88 0
134.515 348 1653.55 60.88 0
134.875 348 1653.55 60.88 0
135.245 348 1653.55 60.88 0
135.609 348 1653.55 60.88 0
135.979 348 1653.55 60.88 0
136.341 348 1653.55 60.88 0
136.705 348 1653.55 60.88 0
137.069 348 1653.55 60.88 0
137.438 348 1653.55 60.88 0
137.799 348 1653.55 60.88 0
138.169 348 1653.55 60.88 0
138.532 348 1653.55 60.88 0
138.901 348 1653.55 60.88 0
139.262 349 1660.75 60.77 0
139.635 349 1660.75 60.77 0
139.995 349 1660.75 60.77 0
140.356 349 1660.75 60.77 0
140.729 349 1660.75 60.77 0
141.091 349 1660.75 60.77 0
141.456 349 1660.75 60.77 0
141.823 349 1660.75 60.77 0
142.193 349 1660.75 60.77 0
142.557 349 1660.75 60.77 0
142.922 350 1667.97 60.65 0
143.288 350 1667.97 60.65 0
143.652 350 1667.97 60.65 0
144.012 349 1660.75 60.77 0
144.384 350 1667.97 60.65 0
144.745 350 1667.97 60.65 0
145.115 350 1667.97 60.65 0
145.483 350 1667.97 60.65 0
145.839 350 1667.97 60.65 0
146.209 350 1667.97 60.65 0
146.573 350 1667.97 60.65 0
146.943 350 1667.97 60.65 0
147.303 350 1667.97 60.65 0
147.667 350 1667.97 60.65 0
148.037 350 1667.97 60.65 0
148.407 350 1667.97 60.65 0
148.771 350 1667.97 60.65 0
149.131 350 1667.97 60.65 0
149.501 351 1675.21 60.54 0
149.866 351 1675.21 60.54 0
150.225 351 1675.21 60.54 0
150.6 351 1675.21 60.54 0
150.964 351 1675.21 60.54 0
151.324 350 1667.97 60.65 0
151.693 351 1675.21 60.54 0
152.053 351 1675.21 60.54 0
152.423 351 1675.21 60.54 0
152.783 351 1675.21 60.54 0
153.153 352 1682.48 60.43 0
153.523 352 1682.48 60.43 0
153.881 352 1682.48 60.43 0
154.251 352 1682.48 60.43 0
154.619 352 1682.48 60.43 0
154.983 352 1682.48 60.43 0
155.343 352 1682.48 60.43 0
155.709 352 1682.48 60.43 0
156.075 352 1682.48 60.43 0
156.447 352 1682.48 60.43 0
156.815 352 1682.48 60.43 0
157.175 352 1682.48 60.43 0
157.544 352 1682.48 60.43 0
157.908 352 1682.48 60.43 0
158.268 352 1682.48 60.43 0
158.638 352 1682.48 60.43 0
159.002 352 1682.48 60.43 0
159.371 352 1682.48 60.43 0
159.735 353 1689.76 60.31 0
160.096 353 1689.76 60.31 0
160.464 353 1689.76 60.31 0
160.829 353 1689.76 60.31 0
161.199 353 1689.76 60.31 0
161.559 353 1689.76 60.31 0
161.923 353 1689.76 60.31 0
162.293 354 1697.07 60.20 0
162.653 353 1689.76 60.31 0
163.026 354 1697.07 60.20 0
163.387 354 1697.07 60.20 0
163.754 354 1697.07 60.20 0
164.119 354 1697.07 60.20 0
164.488 354 1697.07 60.20 0
164.854 354 1697.07 60.20 0
165.215 354 1697.07 60.20 0
165.585 354 1697.07 60.20 0
165.949 354 1697.07 60.20 0
166.309 354 1697.07 60.20 0
166.679 354 1697.07 60.20 0
167.043 354 1697.07 60.20 0
167.413 354 1697.07 60.20 0
167.773 354 1697.07 60.20 0
168.137 354 1697.07 60.20 0
168.507 355 1704.40 60.09 0
168.873 355 1704.40 60.09 0
169.242 355 1704.40 60.09 0
169.602 355 1704.40 60.09 0
169.976 355 1704.40 60.09 0
170.336 355 1704.40 60.09 0
170.696 355 1704.40 60.09 0
171.06 355 1704.40 60.09 0
171.429 355 1704.40 60.09 0
171.799 356 1711.75 59.97 0
172.163 356 1711.75 59.97 0
172.524 356 1711.75 59.97 0
172.89 355 1704.40 60.09 0
173.257 356 1711.75 59.97 0
173.627 356 1711.75 59.97 0
173.991 356 1711.75 59.97 0
174.351 356 1711.75 59.97 0
174.721 356 1711.75 59.97 0
175.085 356 1711.75 59.97 0
175.447 356 1711.75 59.97 0
175.817 356 1711.75 59.97 0
176.181 356 1711.75 59.97 0
176.55 356 1711.75 59.97 0
176.918 356 1711.75 59.97 0
177.274 356 1711.75 59.97 0
177.644 356 1711.75 59.97 0
178.019 357 1719.13 59.86 0
178.369 357 1719.13 59.86 0
178.739 357 1719.13 59.86 0
179.103 357 1719.13 59.86 0
179.472 357 1719.13 59.86 0
179.833 357 1719.13 59.86 0
180.197 357 1719.13 59.86 0
180.566 357 1719.13 59.86 0
180.936 357 1719.13 59.86 0
181.3 357 1719.13 59.86 0
181.66 357 1719.13 59.86 0
182.035 358 1726.52 59.75 0
182.395 358 1726.52 59.75 0
182.756 358 1726.52 59.75 0
183.129 358 1726.52 59.75 0
183.489 358 1726.52 59.75 0
183.859 358 1726.52 59.75 0
184.221 358 1726.52 59.75 0
184.591 358 1726.52 59.75 0
184.954 358 1726.52 59.75 0
185.316 358 1726.52 59.75 0
185.684 359 1733.94 59.63 0
186.052 358 1726.52 59.75 0
186.41 358 1726.52 59.75 0
186.78 358 1726.52 59.75 0
187.144 359 1733.94 59.63 0
187.514 359 1733.94 59.63 0
187.874 359 1733.94 59.63 0
188.237 359 1733.94 59.63 0
188.61 359 1733.94 59.63 0
188.97 359 1733.94 59.63 0
189.334 359 1733.94 59.63 0
189.701 359 1733.94 59.63 0
190.071 360 1741.38 59.52 0
190.437 360 1741.38 59.52 0
190.797 359 1733.94 59.63 0
191.161 360 1741.38 59.52 0
191.53 360 1741.38 59.52 0
191.9 360 1741.38 59.52 0
192.264 360 1741.38 59.52 0
192.624 360 1741.38 59.52 0
192.994 360 1741.38 59.52 0
193.358 360 1741.38 59.52 0
193.728 360 1741.38 59.52 0
194.088 360 1741.38 59.52 0
194.452 360 1741.38 59.52 0
194.822 360 1741.38 59.52 0
195.19 360 1741.38 59.52 0
195.548 360 1741.38 59.52 0
195.918 360 1741.38 59.52 0
196.282 360 1741.38 59.52 0
196.652 361 1748.85 59.41 0
197.017 360 1741.38 59.52 0
197.375 360 1741.38 59.52 0
197.745 360 1741.38 59.52 0
198.105 361 1748.85 59.41 0
198.479 361 1748.85 59.41 0
198.839 361 1748.85 59.41 0
199.208 361 1748.85 59.41 0
199.573 361 1748.85 59.41 0
199.934 361 1748.85 59.41 0
200.301 361 1748.85 59.41 0
200.67 362 1756.33 59.30 0
201.031 362 1756.33 59.30 0
201.4 362 1756.33 59.30 0
201.771 362 1756.33 59.30 0
202.131 362 1756.33 59.30 0
202.494 362 1756.33 59.30 0
202.874 362 1756.33 59.30 0
203.244 362 1756.33 59.30 0
203.593 362 1756.33 59.30 0
203.963 362 1756.33 59.30 0
204.325 362 1756.33 59.30 0
204.691 362 1756.33 59.30 0
205.061 362 1756.33 59.30 0
205.425 362 1756.33 59.30 0
205.785 362 1756.33 59.30 0
206.155 362 1756.33 59.30 0
206.519 363 1763.84 59.19 0
206.889 362 1756.33 59.30 0
207.25 362 1756.33 59.30 0
207.614 363 1763.84 59.19 0
207.986 363 1763.84 59.19 0
208.352 363 1763.84 59.19 0
208.709 363 1763.84 59.19 0
209.079 363 1763.84 59.19 0
209.443 363 1763.84 59.19 0
209.813 363 1763.84 59.19 0
210.173 363 1763.84 59.19 0
210.545 363 1763.84 59.19 0
210.906 364 1771.37 59.07 0
211.275 364 1771.37 59.07 0
211.639 364 1771.37 59.07 0
212.0 364 1771.37 59.07 0
212.369 364 1771.37 59.07 0
212.733 363 1763.84 59.19 0
213.103 364 1771.37 59.07 0
213.468 364 1771.37 59.07 0
213.828 364 1771.37 59.07 0
214.197 364 1771.37 59.07 0
214.563 364 1771.37 59.07 0
214.933 364 1771.37 59.07 0
215.293 364 1771.37 59.07 0
215.657 364 1771.37 59.07 0
216.022 364 1771.37 59.07 0
216.389 365 1778.93 58.96 0
216.759 364 1771.37 59.07 0
217.119 365 1778.93 58.96 0
217.487 365 1778.93 58.96 0
217.851 365 1778.93 58.96 0
218.215 365 1778.93 58.96 0
218.578 365 1778.93 58.96 0
218.946 365 1778.93 58.96 0
219.311 365 1778.93 58.96 0
219.683 365 1778.93 58.96 0
220.043 365 1778.93 58.96 0
220.408 366 1786.50 58.85 0
220.775 365 1778.93 58.96 0
221.147 366 1786.50 58.85 0
221.505 366 1786.50 58.85 0
221.871 366 1786.50 58.85 0
222.24 366 1786.50 58.85 0
222.604 366 1786.50 58.85 0
222.974 366 1786.50 58.85 0
223.334 366 1786.50 58.85 0
223.698 366 1786.50 58.85 0
224.067 366 1786.50 58.85 0
224.436 366 1786.50 58.85 0
224.792 366 1786.50 58.85 0
225.158 366 1786.50 58.85 0
225.528 366 1786.50 58.85 0
225.896 366 1786.50 58.85 0
226.256 366 1786.50 58.85 0
226.622 366 1786.50 58.85 0
226.99 367 1794.10 58.74 0
227.351 367 1794.10 58.74 0
227.717 367 1794.10 58.74 0
228.086 367 1794.10 58.74 0
228.461 367 1794.10 58.74 0
228.818 367 1794.10 58.74 0
229.183 367 1794.10 58.74 0
229.545 367 1794.10 58.74 0
229.913 367 1794.10 58.74 0
230.283 367 1794.10 58.74 0
230.64 367 1794.10 58.74 0
231.006 368 1801.73 58.63 0
231.376 368 1801.73 58.63 0
231.74 368 1801.73 58.63 0
232.109 368 1801.73 58.63 0
232.47 368 1801.73 58.63 0
232.834 368 1801.73 58.63 0
233.204 368 1801.73 58.63 0
233.573 368 1801.73 58.63 0
233.937 368 1801.73 58.63 0
234.3 368 1801.73 58.63 0
234.669 368 1801.73 58.63 0
235.033 368 1801.73 58.63 0
235.393 368 1801.73 58.63 0
235.761 368 1801.73 58.63 0
236.127 368 1801.73 58.63 0
236.496 368 1801.73 58.63 0
236.86 368 1801.73 58.63 0
237.22 368 1801.73 58.63 0
237.59 369 1809.37 58.52 0
237.954 369 1809.37 58.52 0
238.324 369 1809.37 58.52 0
238.689 369 1809.37 58.52 0
239.049 369 1809.37 58.52 0
239.419 369 1809.37 58.52 0
239.785 369 1809.37 58.52 0
240.143 369 1809.37 58.52 0
240.518 370 1817.04 58.41 0
240.879 369 1809.37 58.52 0
241.248 370 1817.04 58.41 0
241.607 370 1817.04 58.41 0
241.97 370 1817.04 58.41 0
242.34 370 1817.04 58.41 0
242.707 370 1817.04 58.41 0
243.073 370 1817.04 58.41 0
243.434 370 1817.04 58.41 0
243.803 370 1817.04 58.41 0
244.167 370 1817.04 58.41 0
244.537 370 1817.04 58.41 0
244.901 370 1817.04 58.41 0
245.261 370 1817.04 58.41 0
245.626 370 1817.04 58.41 0
245.996 370 1817.04 58.41 0
246.362 371 1824.74 58.30 0
246.723 371 1824.74 58.30 0
247.091 370 1817.04 58.41 0
247.461 371 1824.74 58.30 0
247.823 371 1824.74 58.30 0
248.185 371 1824.74 58.30 0
248.554 371 1824.74 58.30 0
248.921 371 1824.74 58.30 0
249.282 371 1824.74 58.30 0
249.652 371 1824.74 58.30 0
250.013 371 1824.74 58.30 0
250.382 371 1824.74 58.30 0
250.741 371 1824.74 58.30 0
251.107 372 1832.46 58.19 0
251.476 372 1832.46 58.19 0
251.837 372 1832.46 58.19 0
252.209 372 1832.46 58.19 0
252.569 372 1832.46 58.19 0
252.939 372 1832.46 58.19 0
253.305 372 1832.46 58.19 0
253.667 372 1832.46 58.19 0
254.031 372 1832.46 58.19 0
254.4 372 1832.46 58.19 0
254.762 372 1832.46 58.19 0
255.164 372 1832.46 58.19 0
255.494 373 1840.20 58.08 0
255.86 372 1832.46 58.19 0
256.225 373 1840.20 58.08 0
256.595 373 1840.20 58.08 0
256.959 373 1840.20 58.08 0
257.318 373 1840.20 58.08 0
257.689 373 1840.20 58.08 0
258.057 373 1840.20 58.08 0
258.423 373 1840.20 58.08 0
258.784 373 1840.20 58.08 0
259.155 373 1840.20 58.08 0
259.515 373 1840.20 58.08 0
259.883 373 1840.20 58.08 0
260.243 373 1840.20 58.08 0
260.613 374 1847.96 57.97 0
260.973 374 1847.96 57.97 0
261.345 374 1847.96 57.97 0
261.72 374 1847.96 57.97 0
262.074 374 1847.96 57.97 0
262.438 374 1847.96 57.97 0
262.801 374 1847.96 57.97 0
263.173 374 1847.96 57.97 0
263.533 374 1847.96 57.97 0
263.901 374 1847.96 57.97 0
264.267 374 1847.96 57.97 0
264.627 375 1855.75 57.86 0
264.994 374 1847.96 57.97 0
265.363 374 1847.96 57.97 0
265.729 374 1847.96 57.97 0
266.086 375 1855.75 57.86 0
266.459 374 1847.96 57.97 0
266.82 375 1855.75 57.86 0
267.184 375 1855.75 57.86 0
267.551 375 1855.75 57.86 0
267.918 375 1855.75 57.86 0
268.285 375 1855.75 57.86 0
268.645 375 1855.75 57.86 0
269.015 375 1855.75 57.86 0
269.379 375 1855.75 57.86 0
269.749 375 1855.75 57.86 0
270.109 375 1855.75 57.86 0
270.472 376 1863.56 57.75 0
270.842 376 1863.56 57.75 0
271.203 376 1863.56 57.75 0
271.576 376 1863.56 57.75 0
271.936 376 1863.56 57.75 0
272.3 376 1863.56 57.75 0
272.67 376 1863.56 57.75 0
273.035 376 1863.56 57.75 0
273.405 376 1863.56 57.75 0
273.765 377 1871.40 57.64 0
274.135 376 1863.56 57.75 0
274.498 376 1863.56 57.75 0
274.863 377 1871.40 57.64 0
275.223 376 1863.56 57.75 0
275.592 376 1863.56 57.75 0
275.962 376 1863.56 57.75 0
276.319 376 1863.56 57.75 0
276.686 377 1871.40 57.64 0
277.053 377 1871.40 57.64 0
277.42 377 1871.40 57.64 0
277.79 377 1871.40 57.64 0
278.15 377 1871.40 57.64 0
278.514 377 1871.40 57.64 0
278.88 377 1871.40 57.64 0
279.25 377 1871.40 57.64 0
279.618 377 1871.40 57.64 0
279.98 377 1871.40 57.64 0
280.347 377 1871.40 57.64 0
280.713 378 1879.26 57.54 0
281.073 378 1879.26 57.54 0
281.446 378 1879.26 57.54 0
281.806 378 1879.26 57.54 0
282.176 378 1879.26 57.54 0
282.54 378 1879.26 57.54 0
282.904 378 1879.26 57.54 0
283.265 378 1879.26 57.54 0
283.633 378 1879.26 57.54 0
283.994 378 1879.26 57.54 0
284.363 378 1879.26 57.54 0
284.728 378 1879.26 57.54 0
285.094 378 1879.26 57.54 0
285.462 378 1879.26 57.54 0
285.825 378 1879.26 57.54 0
286.194 378 1879.26 57.54 0
286.557 378 1879.26 57.54 0
286.926 379 1887.15 57.43 0
287.286 379 1887.15 57.43 0
287.65 379 1887.15 57.43 0
288.02 379 1887.15 57.43 0
288.38 379 1887.15 57.43 0
288.754 379 1887.15 57.43 0
289.114 379 1887.15 57.43 0
289.481 379 1887.15 57.43 0
289.846 379 1887.15 57.43 0
290.216 379 1887.15 57.43 0
290.582 379 1887.15 57.43 0
290.945 380 1895.06 57.32 0
291.305 380 1895.06 57.32 0
291.676 380 1895.06 57.32 0
292.045 380 1895.06 57.32 0
292.407 380 1895.06 57.32 0
292.772 380 1895.06 57.32 0
293.136 380 1895.06 57.32 0
293.505 380 1895.06 57.32 0
293.865 380 1895.06 57.32 0
294.235 380 1895.06 57.32 0
294.598 380 1895.06 57.32 0
294.966 380 1895.06 57.32 0
295.326 380 1895.06 57.32 0
295.692 380 1895.06 57.32 0
296.062 380 1895.06 57.32 0
296.422 381 1903.00 57.21 0
296.786 380 1895.06 57.32 0
297.156 381 1903.00 57.21 0
297.516 381 1903.00 57.21 0
297.89 381 1903.00 57.21 0
298.25 381 1903.00 57.21 0
298.617 381 1903.00 57.21 0
298.979 381 1903.00 57.21 0
299.351 381 1903.00 57.21 0
299.71 382 1910.96 57.10 0
300.079 381 1903.00 57.21 0
300.445 381 1903.00 57.21 0
300.812 381 1903.00 57.21 0
301.177 381 1903.00 57.21 0
301.537 382 1910.96 57.10 0
301.906 382 1910.96 57.10 0
302.266 382 1910.96 57.10 0
302.636 382 1910.96 57.10 0
302.997 382 1910.96 57.10 0
303.367 382 1910.96 57.10 0
303.734 382 1910.96 57.10 0
304.094 382 1910.96 57.10 0
304.464 382 1910.96 57.10 0
304.828 382 1910.96 57.10 0
305.196 382 1910.96 57.10 0
305.557 382 1910.96 57.10 0
305.924 382 1910.96 57.10 0
306.293 382 1910.96 57.10 0
306.653 382 1910.96 57.10 0
307.025 382 1910.96 57.10 0
307.385 382 1910.96 57.10 0
307.753 383 1918.94 57.00 0
308.12 383 1918.94 57.00 0
308.48 382 1910.96 57.10 0
308.844 383 1918.94 57.00 0
309.214 383 1918.94 57.00 0
309.574 383 1918.94 57.00 0
309.948 383 1918.94 57.00 0
310.308 384 1926.95 56.89 0
310.678 383 1918.94 57.00 0
311.036 384 1926.95 56.89 0
311.406 384 1926.95 56.89 0
311.78 384 1926.95 56.89 0
312.135 384 1926.95 56.89 0
312.507 384 1926.95 56.89 0
312.872 384 1926.95 56.89 0
313.235 384 1926.95 56.89 0
313.594 384 1926.95 56.89 0
313.964 384 1926.95 56.89 0
314.344 384 1926.95 56.89 0
314.694 384 1926.95 56.89 0
315.063 384 1926.95 56.89 0
315.423 384 1926.95 56.89 0
315.793 384 1926.95 56.89 0
316.152 384 1926.95 56.89 0
316.522 384 1926.95 56.89 0
316.896 384 1926.95 56.89 0
317.256 384 1926.95 56.89 0
317.616 385 1934.98 56.78 0
317.98 385 1934.98 56.78 0
318.35 385 1934.98 56.78 0
318.71 385 1934.98 56.78 0
319.075 385 1934.98 56.78 0
319.445 385 1934.98 56.78 0
319.815 385 1934.98 56.78 0
320.178 385 1934.98 56.78 0
320.538 385 1934.98 56.78 0
320.906 385 1934.98 56.78 0
321.268 385 1934.98 56.78 0
321.64 386 1943.04 56.67 0
322.006 386 1943.04 56.67 0
322.366 386 1943.04 56.67 0
322.736 386 1943.04 56.67 0
323.1 386 1943.04 56.67 0
323.47 386 1943.04 56.67 0
323.83 386 1943.04 56.67 0
324.194 386 1943.04 56.67 0
324.564 386 1943.04 56.67 0
324.926 386 1943.04 56.67 0
325.29 386 1943.04 56.67 0
325.659 386 1943.04 56.67 0
326.023 386 1943.04 56.67 0
326.392 386 1943.04 56.67 0
326.752 386 1943.04 56.67 0
327.126 386 1943.04 56.67 0
327.486 387 1951.13 56.57 0
327.856 387 1951.13 56.57 0
328.22 387 1951.13 56.57 0
328.58 387 1951.13 56.57 0
328.95 386 1943.04 56.67 0
329.314 387 1951.13 56.57 0
329.682 387 1951.13 56.57 0
330.052 387 1951.13 56.57 0
330.418 387 1951.13 56.57 0
330.778 387 1951.13 56.57 0
331.143 388 1959.24 56.46 0
331.506 388 1959.24 56.46 0
331.876 388 1959.24 56.46 0
332.248 388 1959.24 56.46 0
332.607 388 1959.24 56.46 0
332.975 388 1959.24 56.46 0
333.341 388 1959.24 56.46 0
333.711 388 1959.24 56.46 0
334.074 388 1959.24 56.46 0
334.435 388 1959.24 56.46 0
334.804 388 1959.24 56.46 0
335.168 388 1959.24 56.46 0
335.529 388 1959.24 56.46 0
335.898 388 1959.24 56.46 0
336.262 388 1959.24 56.46 0
336.632 388 1959.24 56.46 0
336.992 389 1967.38 56.35 0
337.357 388 1959.24 56.46 0
337.728 389 1967.38 56.35 0
338.09 389 1967.38 56.35 0
338.453 389 1967.38 56.35 0
338.822 389 1967.38 56.35 0
339.19 389 1967.38 56.35 0
339.556 389 1967.38 56.35 0
339.916 389 1967.38 56.35 0
340.279 389 1967.38 56.35 0
340.649 390 1975.54 56.25 0
341.019 389 1967.38 56.35 0
341.383 390 1975.54 56.25 0
341.743 389 1967.38 56.35 0
342.117 390 1975.54 56.25 0
342.477 390 1975.54 56.25 0
342.847 390 1975.54 56.25 0
343.214 390 1975.54 56.25 0
343.58 390 1975.54 56.25 0
343.94 390 1975.54 56.25 0
344.304 390 1975.54 56.25 0
344.676 390 1975.54 56.25 0
345.036 390 1975.54 56.25 0
345.399 390 1975.54 56.25 0
345.769 390 1975.54 56.25 0
346.129 390 1975.54 56.25 0
346.502 390 1975.54 56.25 0
346.862 390 1975.54 56.25 0
347.232 390 1975.54 56.25 0
347.596 390 1975.54 56.25 0
347.956 391 1983.73 56.14 0
348.33 391 1983.73 56.14 0
348.69 391 1983.73 56.14 0
349.06 391 1983.73 56.14 0
349.424 391 1983.73 56.14 0
349.784 391 1983.73 56.14 0
350.154 391 1983.73 56.14 0
350.518 391 1983.73 56.14 0
350.888 391 1983.73 56.14 0
351.252 391 1983.73 56.14 0
351.614 391 1983.73 56.14 0
351.984 391 1983.73 56.14 0
352.342 392 1991.94 56.03 0
352.708 392 1991.94 56.03 0
353.079 392 1991.94 56.03 0
353.441 392 1991.94 56.03 0
353.811 392 1991.94 56.03 0
354.169 392 1991.94 56.03 0
354.535 392 1991.94 56.03 0
354.905 392 1991.94 56.03 0
355.274 392 1991.94 56.03 0
355.638 392 1991.94 56.03 0
355.999 392 1991.94 56.03 0
356.368 392 1991.94 56.03 0
356.733 392 1991.94 56.03 0
357.102 392 1991.94 56.03 0
357.466 392 1991.94 56.03 0
357.831 392 1991.94 56.03 0
358.2 392 1991.94 56.03 0
358.562 393 2000.18 55.93 0
358.922 393 2000.18 55.93 0
359.291 393 2000.18 55.93 0
359.655 393 2000.18 55.93 0
360.025 393 2000.18 55.93 0
360.385 393 2000.18 55.93 0
360.759 393 2000.18 55.93 0
361.119 393 2000.18 55.93 0
361.487 393 2000.18 55.93 0
361.853 393 2000.18 55.93 0
362.218 393 2000.18 55.93 0
362.586 394 2008.45 55.82 0
362.946 394 2008.45 55.82 0
363.317 394 2008.45 55.82 0
363.681 394 2008.45 55.82 0
364.043 394 2008.45 55.82 0
364.406 394 2008.45 55.82 0
364.776 394 2008.45 55.82 0
365.156 394 2008.45 55.82 0
365.506 393 2000.18 55.93 0
365.875 394 2008.45 55.82 0
366.235 394 2008.45 55.82 0
366.603 394 2008.45 55.82 0
366.973 394 2008.45 55.82 0
367.333 394 2008.45 55.82 0
367.697 394 2008.45 55.82 0
368.067 394 2008.45 55.82 0
368.427 394 2008.45 55.82 0
368.791 395 2016.74 55.72 0
369.164 395 2016.74 55.72 0
369.524 395 2016.74 55.72 0
369.894 395 2016.74 55.72 0
370.263 395 2016.74 55.72 0
370.623 395 2016.74 55.72 0
370.989 395 2016.74 55.72 0
371.355 395 2016.74 55.72 0
371.724 395 2016.74 55.72 0
372.084 395 2016.74 55.72 0
372.454 395 2016.74 55.72 0
372.818 395 2016.74 55.72 0
373.18 395 2016.74 55.72 0
373.55 395 2016.74 55.72 0
373.912 396 2025.06 55.61 0
374.28 396 2025.06 55.61 0
374.648 396 2025.06 55.61 0
375.015 396 2025.06 55.61 0
375.376 396 2025.06 55.61 0
375.74 396 2025.06 55.61 0
376.109 396 2025.06 55.61 0
376.47 396 2025.06 55.61 0
376.843 396 2025.06 55.61 0
377.206 396 2025.06 55.61 0
377.576 396 2025.06 55.61 0
377.94 396 2025.06 55.61 0
378.299 396 2025.06 55.61 0
378.669 396 2025.06 55.61 0
379.033 396 2025.06 55.61 0
379.402 396 2025.06 55.61 0
379.764 397 2033.40 55.51 0
380.124 397 2033.40 55.51 0
380.494 397 2033.40 55.51 0
380.858 397 2033.40 55.51 0
381.228 397 2033.40 55.51 0
381.594 396 2025.06 55.61 0
381.952 397 2033.40 55.51 0
382.322 397 2033.40 55.51 0
382.692 397 2033.40 55.51 0
383.056 397 2033.40 55.51 0
383.418 397 2033.40 55.51 0
383.786 397 2033.40 55.51 0
384.149 398 2041.78 55.40 0
384.518 398 2041.78 55.40 0
384.876 398 2041.78 55.40 0
385.246 398 2041.78 55.40 0
385.606 398 2041.78 55.40 0
385.98 398 2041.78 55.40 0
386.346 398 2041.78 55.40 0
386.706 398 2041.78 55.40 0
387.072 398 2041.78 55.40 0
387.442 398 2041.78 55.40 0
387.802 398 2041.78 55.40 0
388.166 398 2041.78 55.40 0
388.536 398 2041.78 55.40 0
388.9 398 2041.78 55.40 0
389.27 398 2041.78 55.40 0
389.63 398 2041.78 55.40 0
389.995 398 2041.78 55.40 0
390.366 398 2041.78 55.40 0
390.726 398 2041.78 55.40 0
391.09 399 2050.18 55.30 0
391.46 399 2050.18 55.30 0
391.82 399 2050.18 55.30 0
392.193 399 2050.18 55.30 0
392.553 399 2050.18 55.30 0
392.921 399 2050.18 55.30 0
393.287 399 2050.18 55.30 0
393.657 399 2050.18 55.30 0
394.021 399 2050.18 55.30 0
394.388 399 2050.18 55.30 0
394.748 399 2050.18 55.30 0
395.116 399 2050.18 55.30 0
395.476 400 2058.60 55.19 0
395.846 400 2058.60 55.19 0
396.207 400 2058.60 55.19 0
396.577 400 2058.60 55.19 0
396.939 400 2058.60 55.19 0
397.305 400 2058.60 55.19 0
397.675 400 2058.60 55.19 0
398.039 400 2058.60 55.19 0
398.407 400 2058.60 55.19 0
398.766 400 2058.60 55.19 0
399.13 400 2058.60 55.19 0
399.5 400 2058.60 55.19 0
399.87 400 2058.60 55.19 0
400.233 400 2058.60 55.19 0
400.597 400 2058.60 55.19 0
400.957 400 2058.60 55.19 0
401.328 400 2058.60 55.19 0
401.688 400 2058.60 55.19 0
402.056 401 2067.05 55.09 0
402.422 400 2058.60 55.19 0
402.792 401 2067.05 55.09 0
403.149 401 2067.05 55.09 0
403.522 401 2067.05 55.09 0
403.882 401 2067.05 55.09 0
404.251 401 2067.05 55.09 0
404.611 401 2067.05 55.09 0
404.981 401 2067.05 55.09 0
405.341 401 2067.05 55.09 0
405.71 401 2067.05 55.09 0
406.081 402 2075.54 54.98 0
406.44 402 2075.54 54.98 0
406.809 401 2067.05 55.09 0
407.173 402 2075.54 54.98 0
407.54 402 2075.54 54.98 0
407.9 402 2075.54 54.98 0
408.267 402 2075.54 54.98 0
408.637 402 2075.54 54.98 0
408.998 402 2075.54 54.98 0
409.362 402 2075.54 54.98 0
409.734 402 2075.54 54.98 0
410.093 402 2075.54 54.98 0
410.457 402 2075.54 54.98 0
410.827 402 2075.54 54.98 0
411.2 402 2075.54 54.98 0
411.56 402 2075.54 54.98 0
411.92 403 2084.04 54.88 0
412.284 402 2075.54 54.98 0
412.654 403 2084.04 54.88 0
413.014 403 2084.04 54.88 0
413.388 403 2084.04 54.88 0
413.748 402 2075.54 54.98 0
414.118 403 2084.04 54.88 0
414.482 403 2084.04 54.88 0
414.852 403 2084.04 54.88 0
415.218 403 2084.04 54.88 0
415.575 403 2084.04 54.88 0
415.945 403 2084.04 54.88 0
416.312 403 2084.04 54.88 0
416.672 404 2092.58 54.77 0
417.042 404 2092.58 54.77 0
417.405 404 2092.58 54.77 0
417.775 404 2092.58 54.77 0
418.135 404 2092.58 54.77 0
418.497 404 2092.58 54.77 0
418.866 404 2092.58 54.77 0
419.236 404 2092.58 54.77 0
419.6 404 2092.58 54.77 0
419.96 404 2092.58 54.77 0
420.325 404 2092.58 54.77 0
420.69 404 2092.58 54.77 0
421.06 404 2092.58 54.77 0
421.428 404 2092.58 54.77 0
421.788 404 2092.58 54.77 0
422.158 404 2092.58 54.77 0
422.523 404 2092.58 54.77 0
422.885 404 2092.58 54.77 0
423.255 405 2101.14 54.67 0
423.619 405 2101.14 54.67 0
423.978 405 2101.14 54.67 0
424.344 405 2101.14 54.67 0
424.712 405 2101.14 54.67 0
425.082 406 2109.73 54.57 0
425.446 405 2101.14 54.67 0
425.808 405 2101.14 54.67 0
426.178 405 2101.14 54.67 0
426.539 405 2101.14 54.67 0
426.909 405 2101.14 54.67 0
427.269 406 2109.73 54.57 0
427.642 406 2109.73 54.57 0
428.003 406 2109.73 54.57 0
428.373 406 2109.73 54.57 0
428.736 406 2109.73 54.57 0
429.097 406 2109.73 54.57 0
429.463 406 2109.73 54.57 0
429.833 406 2109.73 54.57 0
430.192 406 2109.73 54.57 0
430.566 406 2109.73 54.57 0
430.926 406 2109.73 54.57 0
431.293 406 2109.73 54.57 0
431.659 406 2109.73 54.57 0
432.019 406 2109.73 54.57 0
432.39 406 2109.73 54.57 0
432.753 406 2109.73 54.57 0
433.123 406 2109.73 54.57 0
433.49 406 2109.73 54.57 0
433.847 407 2118.35 54.46 0
434.217 407 2118.35 54.46 0
434.581 407 2118.35 54.46 0
434.951 407 2118.35 54.46 0
435.311 407 2118.35 54.46 0
435.675 407 2118.35 54.46 0
436.039 407 2118.35 54.46 0
436.412 407 2118.35 54.46 0
436.77 407 2118.35 54.46 0
437.14 407 2118.35 54.46 0
437.5 407 2118.35 54.46 0
437.874 407 2118.35 54.46 0
438.234 408 2127.00 54.36 0
438.597 408 2127.00 54.36 0
438.966 408 2127.00 54.36 0
439.336 408 2127.00 54.36 0
439.7 408 2127.00 54.36 0
440.06 408 2127.00 54.36 0
440.43 408 2127.00 54.36 0
440.794 408 2127.00 54.36 0
441.164 408 2127.00 54.36 0
441.523 408 2127.00 54.36 0
441.891 409 2135.67 54.26 0
442.261 408 2127.00 54.36 0
442.617 408 2127.00 54.36 0
442.983 408 2127.00 54.36 0
443.353 408 2127.00 54.36 0
443.717 408 2127.00 54.36 0
444.087 408 2127.00 54.36 0
444.445 408 2127.00 54.36 0
444.811 409 2135.67 54.26 0
445.181 409 2135.67 54.26 0
445.545 409 2135.67 54.26 0
445.915 409 2135.67 54.26 0
446.275 409 2135.67 54.26 0
446.642 409 2135.67 54.26 0
447.009 409 2135.67 54.26 0
447.375 409 2135.67 54.26 0
447.743 409 2135.67 54.26 0
448.103 409 2135.67 54.26 0
448.465 409 2135.67 54.26 0
448.839 409 2135.67 54.26 0
449.196 409 2135.67 54.26 0
449.564 410 2144.37 54.15 0
449.932 410 2144.37 54.15 0
450.292 410 2144.37 54.15 0
450.662 410 2144.37 54.15 0
451.025 410 2144.37 54.15 0
451.395 409 2135.67 54.26 0
451.759 410 2144.37 54.15 0
452.119 410 2144.37 54.15 0
452.489 410 2144.37 54.15 0
452.853 410 2144.37 54.15 0
453.233 410 2144.37 54.15 0
453.583 410 2144.37 54.15 0
453.947 410 2144.37 54.15 0
454.315 410 2144.37 54.15 0
454.685 410 2144.37 54.15 0
455.051 410 2144.37 54.15 0
455.416 411 2153.10 54.05 0
455.78 411 2153.10 54.05 0
456.145 411 2153.10 54.05 0
456.514 411 2153.10 54.05 0
456.87 411 2153.10 54.05 0
457.24 411 2153.10 54.05 0
457.61 411 2153.10 54.05 0
457.973 411 2153.10 54.05 0
458.333 411 2153.10 54.05 0
458.703 411 2153.10 54.05 0
459.067 411 2153.10 54.05 0
459.436 411 2153.10 54.05 0
459.796 411 2153.10 54.05 0
460.161 411 2153.10 54.05 0
460.53 412 2161.86 53.95 0
460.894 412 2161.86 53.95 0
461.257 412 2161.86 53.95 0
461.626 412 2161.86 53.95 0
461.99 412 2161.86 53.95 0
462.36 412 2161.86 53.95 0
462.72 412 2161.86 53.95 0
463.084 412 2161.86 53.95 0
463.454 412 2161.86 53.95 0
463.814 412 2161.86 53.95 0
464.194 412 2161.86 53.95 0
464.554 412 2161.86 53.95 0
464.914 412 2161.86 53.95 0
465.281 412 2161.86 53.95 0
465.651 412 2161.86 53.95 0
466.015 412 2161.86 53.95 0
466.375 412 2161.86 53.95 0
466.745 412 2161.86 53.95 0
467.109 412 2161.86 53.95 0
467.469 413 2170.65 53.84 0
467.839 413 2170.65 53.84 0
468.203 413 2170.65 53.84 0
468.575 413 2170.65 53.84 0
468.935 413 2170.65 53.84 0
469.304 413 2170.65 53.84 0
469.664 413 2170.65 53.84 0
470.032 413 2170.65 53.84 0
470.394 413 2170.65 53.84 0
470.764 413 2170.65 53.84 0
471.126 413 2170.65 53.84 0
471.493 413 2170.65 53.84 0
471.863 414 2179.47 53.74 0
472.229 414 2179.47 53.74 0
472.589 414 2179.47 53.74 0
472.96 414 2179.47 53.74 0
473.323 414 2179.47 53.74 0
473.683 414 2179.47 53.74 0
474.051 414 2179.47 53.74 0
474.417 414 2179.47 53.74 0
474.787 414 2179.47 53.74 0
475.143 414 2179.47 53.74 0
475.513 414 2179.47 53.74 0
475.882 414 2179.47 53.74 0
476.246 414 2179.47 53.74 0
476.611 414 2179.47 53.74 0
476.981 414 2179.47 53.74 0
477.34 414 2179.47 53.74 0
477.709 414 2179.47 53.74 0
478.078 414 2179.47 53.74 0
478.433 414 2179.47 53.74 0
478.803 414 2179.47 53.74 0
479.167 414 2179.47 53.74 0
479.536 415 2188.32 53.64 0
479.897 415 2188.32 53.64 0
480.27 415 2188.32 53.64 0
480.634 415 2188.32 53.64 0
480.996 415 2188.32 53.64 0
481.362 415 2188.32 53.64 0
481.732 415 2188.32 53.64 0
482.092 415 2188.32 53.64 0
482.461 415 2188.32 53.64 0
482.821 416 2197.19 53.54 0
483.193 415 2188.32 53.64 0
483.551 416 2197.19 53.54 0
483.921 416 2197.19 53.54 0
484.287 416 2197.19 53.54 0
484.647 416 2197.19 53.54 0
485.017 416 2197.19 53.54 0
485.381 416 2197.19 53.54 0
485.751 416 2197.19 53.54 0
486.121 416 2197.19 53.54 0
486.475 416 2197.19 53.54 0
486.845 416 2197.19 53.54 0
487.213 416 2197.19 53.54 0
487.571 416 2197.19 53.54 0
487.941 416 2197.19 53.54 0
488.305 416 2197.19 53.54 0
488.674 416 2197.19 53.54 0
489.034 416 2197.19 53.54 0
489.398 416 2197.19 53.54 0
489.768 416 2197.19 53.54 0
490.128 416 2197.19 53.54 0
490.501 416 2197.19 53.54 0
490.862 417 2206.10 53.43 0
491.229 417 2206.10 53.43 0
491.592 417 2206.10 53.43 0
491.962 416 2197.19 53.54 0
492.321 417 2206.10 53.43 0
492.69 417 2206.10 53.43 0
493.06 417 2206.10 53.43 0
493.424 417 2206.10 53.43 0
493.784 417 2206.10 53.43 0
494.156 417 2206.10 53.43 0
494.515 417 2206.10 53.43 0
494.885 418 2215.03 53.33 0
495.245 418 2215.03 53.33 0
495.613 418 2215.03 53.33 0
495.982 418 2215.03 53.33 0
496.34 418 2215.03 53.33 0
496.706 418 2215.03 53.33 0
497.076 418 2215.03 53.33 0
497.45 418 2215.03 53.33 0
497.81 418 2215.03 53.33 0
498.17 418 2215.03 53.33 0
498.534 419 2223.99 53.23 0
498.904 418 2215.03 53.33 0
499.264 418 2215.03 53.33 0
499.638 418 2215.03 53.33 0
499.998 418 2215.03 53.33 0
500.368 418 2215.03 53.33 0
500.734 419 2223.99 53.23 0
501.094 418 2215.03 53.33 0
501.456 419 2223.99 53.23 0
501.822 419 2223.99 53.23 0
502.192 419 2223.99 53.23 0
502.559 419 2223.99 53.23 0
502.919 419 2223.99 53.23 0
503.289 419 2223.99 53.23 0
503.653 420 2232.99 53.13 0
504.023 419 2223.99 53.23 0
504.383 419 2223.99 53.23 0
504.747 419 2223.99 53.23 0
505.117 419 2223.99 53.23 0
505.485 420 2232.99 53.13 0
505.851 420 2232.99 53.13 0
506.211 420 2232.99 53.13 0
506.575 420 2232.99 53.13 0
506.945 420 2232.99 53.13 0
507.307 420 2232.99 53.13 0
507.671 420 2232.99 53.13 0
508.041 420 2232.99 53.13 0
508.401 420 2232.99 53.13 0
508.774 420 2232.99 53.13 0
509.134 420 2232.99 53.13 0
509.512 420 2232.99 53.13 0
509.868 420 2232.99 53.13 0
510.228 420 2232.99 53.13 0
510.592 420 2232.99 53.13 0
510.962 420 2232.99 53.13 0
511.323 420 2232.99 53.13 0
511.695 420 2232.99 53.13 0
512.056 420 2232.99 53.13 0
512.423 421 2242.01 53.03 0
512.789 421 2242.01 53.03 0
513.159 421 2242.01 53.03 0
513.522 421 2242.01 53.03 0
513.888 421 2242.01 53.03 0
514.247 421 2242.01 53.03 0
514.613 421 2242.01 53.03 0
514.979 421 2242.01 53.03 0
515.348 421 2242.01 53.03 0
515.712 421 2242.01 53.03 0
516.076 421 2242.01 53.03 0
516.444 422 2251.07 52.92 0
516.806 421 2242.01 53.03 0
517.176 422 2251.07 52.92 0
517.536 422 2251.07 52.92 0
517.91 422 2251.07 52.92 0
518.27 422 2251.07 52.92 0
518.638 422 2251.07 52.92 0
519.004 422 2251.07 52.92 0
519.364 422 2251.07 52.92 0
519.738 422 2251.07 52.92 0
520.1 422 2251.07 52.92 0
520.469 422 2251.07 52.92 0
520.833 422 2251.07 52.92 0
521.193 422 2251.07 52.92 0
521.564 422 2251.07 52.92 0
521.926 422 2251.07 52.92 0
522.296 422 2251.07 52.92 0
522.653 422 2251.07 52.92 0
523.019 422 2251.07 52.92 0
523.389 422 2251.07 52.92 0
523.753 423 2260.15 52.82 0
524.123 423 2260.15 52.82 0
524.483 423 2260.15 52.82 0
524.847 423 2260.15 52.82 0
525.217 423 2260.15 52.82 0
525.583 424 2269.26 52.72 0
525.951 424 2269.26 52.72 0
526.311 423 2260.15 52.82 0
526.683 423 2260.15 52.82 0
527.047 423 2260.15 52.82 0
527.417 423 2260.15 52.82 0
527.774 423 2260.15 52.82 0
528.14 424 2269.26 52.72 0
528.51 424 2269.26 52.72 0
528.884 424 2269.26 52.72 0
529.232 424 2269.26 52.72 0
529.602 424 2269.26 52.72 0
529.967 424 2269.26 52.72 0
530.328 424 2269.26 52.72 0
530.697 424 2269.26 52.72 0
531.062 424 2269.26 52.72 0
531.432 424 2269.26 52.72 0
531.795 424 2269.26 52.72 0
532.162 424 2269.26 52.72 0
532.525 424 2269.26 52.72 0
532.89 424 2269.26 52.72 0
533.261 424 2269.26 52.72 0
533.625 424 2269.26 52.72 0
533.987 424 2269.26 52.72 0
534.35 424 2269.26 52.72 0
534.716 424 2269.26 52.72 0
535.079 424 2269.26 52.72 0
535.449 425 2278.41 52.62 0
535.819 425 2278.41 52.62 0
536.179 425 2278.41 52.62 0
536.548 425 2278.41 52.62 0
536.91 425 2278.41 52.62 0
537.281 425 2278.41 52.62 0
537.639 425 2278.41 52.62 0
538.009 425 2278.41 52.62 0
538.373 425 2278.41 52.62 0
538.747 425 2278.41 52.62 0
539.103 425 2278.41 52.62 0
539.473 426 2287.58 52.52 0
539.837 426 2287.58 52.52 0
540.199 426 2287.58 52.52 0
540.57 426 2287.58 52.52 0
540.935 426 2287.58 52.52 0
541.307 426 2287.58 52.52 0
541.666 426 2287.58 52.52 0
542.026 426 2287.58 52.52 0
542.396 426 2287.58 52.52 0
542.755 426 2287.58 52.52 0
543.12 426 2287.58 52.52 0
543.488 426 2287.58 52.52 0
543.854 426 2287.58 52.52 0
544.224 426 2287.58 52.52 0
544.584 426 2287.58 52.52 0
544.955 426 2287.58 52.52 0
545.317 426 2287.58 52.52 0
545.684 426 2287.58 52.52 0
546.044 426 2287.58 52.52 0
546.414 426 2287.58 52.52 0
546.784 427 2296.79 52.42 0
547.148 427 2296.79 52.42 0
547.508 427 2296.79 52.42 0
547.877 427 2296.79 52.42 0
548.241 427 2296.79 52.42 0
548.604 427 2296.79 52.42 0
548.974 427 2296.79 52.42 0
549.334 427 2296.79 52.42 0
549.704 427 2296.79 52.42 0
550.072 427 2296.79 52.42 0
550.438 427 2296.79 52.42 0
550.8 428 2306.02 52.32 0
551.163 427 2296.79 52.42 0
551.533 428 2306.02 52.32 0
551.899 428 2306.02 52.32 0
552.267 428 2306.02 52.32 0
552.627 428 2306.02 52.32 0
552.998 428 2306.02 52.32 0
553.362 428 2306.02 52.32 0
553.728 428 2306.02 52.32 0
554.088 428 2306.02 52.32 0
554.455 428 2306.02 52.32 0
554.825 428 2306.02 52.32 0
555.189 428 2306.02 52.32 0
555.556 428 2306.02 52.32 0
555.916 428 2306.02 52.32 0
556.281 428 2306.02 52.32 0
556.661 428 2306.02 52.32 0
557.009 428 2306.02 52.32 0
557.375 428 2306.02 52.32 0
557.744 428 2306.02 52.32 0
558.114 428 2306.02 52.32 0
558.473 429 2315.29 52.22 0
558.843 429 2315.29 52.22 0
559.209 429 2315.29 52.22 0
559.574 429 2315.29 52.22 0
559.934 429 2315.29 52.22 0
560.299 429 2315.29 52.22 0
560.663 429 2315.29 52.22 0
561.032 429 2315.29 52.22 0
561.402 429 2315.29 52.22 0
561.762 429 2315.29 52.22 0
562.126 429 2315.29 52.22 0
562.491 429 2315.29 52.22 0
562.861 429 2315.29 52.22 0
563.221 430 2324.59 52.12 0
563.595 430 2324.59 52.12 0
563.955 430 2324.59 52.12 0
564.329 430 2324.59 52.12 0
564.688 430 2324.59 52.12 0
565.049 430 2324.59 52.12 0
565.418 430 2324.59 52.12 0
565.784 430 2324.59 52.12 0
566.154 430 2324.59 52.12 0
566.514 430 2324.59 52.12 0
566.883 430 2324.59 52.12 0
567.243 430 2324.59 52.12 0
567.607 430 2324.59 52.12 0
567.977 430 2324.59 52.12 0
568.343 430 2324.59 52.12 0
568.711 430 2324.59 52.12 0
569.071 430 2324.59 52.12 0
569.435 430 2324.59 52.12 0
569.805 430 2324.59 52.12 0
570.175 430 2324.59 52.12 0
570.539 430 2324.59 52.12 0
570.899 430 2324.59 52.12 0
571.269 430 2324.59 52.12 0
571.643 431 2333.92 52.02 0
572.003 431 2333.92 52.02 0
572.365 431 2333.92 52.02 0
572.729 431 2333.92 52.02 0
573.099 431 2333.92 52.02 0
573.462 431 2333.92 52.02 0
573.824 431 2333.92 52.02 0
574.194 431 2333.92 52.02 0
574.556 431 2333.92 52.02 0
574.923 431 2333.92 52.02 0
575.283 432 2343.28 51.92 0
575.649 432 2343.28 51.92 0
576.02 432 2343.28 51.92 0
576.379 432 2343.28 51.92 0
576.751 432 2343.28 51.92 0
577.112 432 2343.28 51.92 0
577.479 432 2343.28 51.92 0
577.843 432 2343.28 51.92 0
578.214 432 2343.28 51.92 0
578.579 432 2343.28 51.92 0
578.939 432 2343.28 51.92 0
579.309 432 2343.28 51.92 0
579.673 432 2343.28 51.92 0
580.043 432 2343.28 51.92 0
580.404 432 2343.28 51.92 0
580.768 432 2343.28 51.92 0
581.138 432 2343.28 51.92 0
581.505 432 2343.28 51.92 0
581.872 432 2343.28 51.92 0
582.233 432 2343.28 51.92 0
582.596 432 2343.28 51.92 0
582.962 433 2352.68 51.82 0
583.331 433 2352.68 51.82 0
583.699 433 2352.68 51.82 0
584.059 433 2352.68 51.82 0
584.429 433 2352.68 51.82 0
584.792 433 2352.68 51.82 0
585.161 433 2352.68 51.82 0
585.523 433 2352.68 51.82 0
585.887 433 2352.68 51.82 0
586.252 433 2352.68 51.82 0
586.623 433 2352.68 51.82 0
586.99 434 2362.10 51.72 0
587.349 434 2362.10 51.72 0
587.716 434 2362.10 51.72 0
588.086 434 2362.10 51.72 0
588.446 434 2362.10 51.72 0
588.81 434 2362.10 51.72 0
589.181 434 2362.10 51.72 0
589.541 434 2362.10 51.72 0
589.914 434 2362.10 51.72 0
590.274 434 2362.10 51.72 0
590.641 434 2362.10 51.72 0
591.008 434 2362.10 51.72 0
591.378 434 2362.10 51.72 0
591.742 434 2362.10 51.72 0
592.104 434 2362.10 51.72 0
592.474 434 2362.10 51.72 0
592.838 434 2362.10 51.72 0
593.198 434 2362.10 51.72 0
593.567 434 2362.10 51.72 0
593.931 435 2371.56 51.62 0
594.301 435 2371.56 51.62 0
594.661 435 2371.56 51.62 0
595.025 435 2371.56 51.62 0
595.395 435 2371.56 51.62 0
595.758 435 2371.56 51.62 0
596.127 435 2371.56 51.62 0
596.488 435 2371.56 51.62 0
596.852 435 2371.56 51.62 0
597.221 435 2371.56 51.62 0
597.591 435 2371.56 51.62 0
597.957 435 2371.56 51.62 0
598.317 435 2371.56 51.62 0
598.687 436 2381.05 51.52 0
599.051 436 2381.05 51.52 0
599.411 436 2381.05 51.52 0
599.778 436 2381.05 51.52 0
600.144 436 2381.05 51.52 0
600.522 436 2381.05 51.52 0
600.878 436 2381.05 51.52 0
601.238 436 2381.05 51.52 0
601.608 436 2381.05 51.52 0
601.972 436 2381.05 51.52 0
602.342 436 2381.05 51.52 0
602.702 436 2381.05 51.52 0
603.076 436 2381.05 51.52 0
603.436 436 2381.05 51.52 0
603.803 436 2381.05 51.52 0
604.17 436 2381.05 51.52 0
604.532 436 2381.05 51.52 0
604.896 436 2381.05 51.52 0
605.266 436 2381.05 51.52 0
605.626 437 2390.57 51.42 0
605.999 437 2390.57 51.42 0
606.359 437 2390.57 51.42 0
606.728 437 2390.57 51.42 0
607.092 437 2390.57 51.42 0
607.462 437 2390.57 51.42 0
607.821 437 2390.57 51.42 0
608.186 437 2390.57 51.42 0
608.556 437 2390.57 51.42 0
608.93 437 2390.57 51.42 0
609.29 437 2390.57 51.42 0
609.65 438 2400.13 51.32 0
610.024 437 2390.57 51.42 0
610.384 438 2400.13 51.32 0
610.754 438 2400.13 51.32 0
611.12 438 2400.13 51.32 0
611.48 438 2400.13 51.32 0
611.85 438 2400.13 51.32 0
612.214 438 2400.13 51.32 0
612.574 438 2400.13 51.32 0
612.941 438 2400.13 51.32 0
613.307 438 2400.13 51.32 0
613.667 438 2400.13 51.32 0
614.041 438 2400.13 51.32 0
614.401 438 2400.13 51.32 0
614.77 438 2400.13 51.32 0
615.135 438 2400.13 51.32 0
615.495 438 2400.13 51.32 0
615.869 438 2400.13 51.32 0
616.228 438 2400.13 51.32 0
616.597 438 2400.13 51.32 0
616.958 438 2400.13 51.32 0
617.331 438 2400.13 51.32 0
617.692 439 2409.71 51.22 0
618.058 439 2409.71 51.22 0
618.427 439 2409.71 51.22 0
618.787 439 2409.71 51.22 0
619.15 439 2409.71 51.22 0
619.52 439 2409.71 51.22 0
619.88 439 2409.71 51.22 0
620.244 440 2419.34 51.12 0
620.614 439 2409.71 51.22 0
620.983 439 2409.71 51.22 0
621.348 439 2409.71 51.22 0
621.708 439 2409.71 51.22 0
622.076 439 2409.71 51.22 0
622.442 440 2419.34 51.12 0
622.805 440 2419.34 51.12 0
623.176 440 2419.34 51.12 0
623.536 440 2419.34 51.12 0
623.907 440 2419.34 51.12 0
624.27 440 2419.34 51.12 0
624.632 440 2419.34 51.12 0
625.002 440 2419.34 51.12 0
625.366 440 2419.34 51.12 0
625.735 440 2419.34 51.12 0
626.095 440 2419.34 51.12 0
626.459 440 2419.34 51.12 0
626.833 440 2419.34 51.12 0
627.193 440 2419.34 51.12 0
627.562 440 2419.34 51.12 0
627.922 440 2419.34 51.12 0
628.286 440 2419.34 51.12 0
628.656 440 2419.34 51.12 0
629.023 441 2428.99 51.02 0
629.39 440 2419.34 51.12 0
629.75 441 2428.99 51.02 0
630.12 441 2428.99 51.02 0
630.484 441 2428.99 51.02 0
630.853 441 2428.99 51.02 0
631.213 441 2428.99 51.02 0
631.58 441 2428.99 51.02 0
631.95 441 2428.99 51.02 0
632.314 441 2428.99 51.02 0
632.674 441 2428.99 51.02 0
633.043 441 2428.99 51.02 0
633.407 441 2428.99 51.02 0
633.777 441 2428.99 51.02 0
634.137 441 2428.99 51.02 0
634.511 442 2438.68 50.92 0
634.871 442 2438.68 50.92 0
635.248 442 2438.68 50.92 0
635.604 442 2438.68 50.92 0
635.963 442 2438.68 50.92 0
636.337 442 2438.68 50.92 0
636.698 442 2438.68 50.92 0
637.064 442 2438.68 50.92 0
637.433 442 2438.68 50.92 0
637.793 442 2438.68 50.92 0
638.163 442 2438.68 50.92 0
638.526 442 2438.68 50.92 0
638.896 442 2438.68 50.92 0
639.256 442 2438.68 50.92 0
639.62 442 2438.68 50.92 0
639.99 442 2438.68 50.92 0
640.364 442 2438.68 50.92 0
640.724 442 2438.68 50.92 0
641.084 442 2438.68 50.92 0
641.448 443 2448.40 50.82 0
641.818 443 2448.40 50.82 0
642.178 443 2448.40 50.82 0
642.552 443 2448.40 50.82 0
642.913 443 2448.40 50.82 0
643.283 443 2448.40 50.82 0
643.648 443 2448.40 50.82 0
644.014 443 2448.40 50.82 0
644.376 443 2448.40 50.82 0
644.741 443 2448.40 50.82 0
645.111 443 2448.40 50.82 0
645.475 443 2448.40 50.82 0
645.835 444 2458.15 50.72 0
646.204 443 2448.40 50.82 0
646.568 444 2458.15 50.72 0
646.938 444 2458.15 50.72 0
647.298 444 2458.15 50.72 0
647.662 444 2458.15 50.72 0
648.032 444 2458.15 50.72 0
648.392 444 2458.15 50.72 0
648.757 444 2458.15 50.72 0
649.127 444 2458.15 50.72 0
649.492 444 2458.15 50.72 0
649.861 444 2458.15 50.72 0
650.223 444 2458.15 50.72 0
650.588 444 2458.15 50.72 0
650.952 444 2458.15 50.72 0
651.321 444 2458.15 50.72 0
651.69 444 2458.15 50.72 0
652.05 444 2458.15 50.72 0
652.42 444 2458.15 50.72 0
652.783 444 2458.15 50.72 0
653.159 444 2458.15 50.72 0
653.511 444 2458.15 50.72 0
653.877 444 2458.15 50.72 0
654.247 445 2467.94 50.62 0
654.611 445 2467.94 50.62 0
654.979 445 2467.94 50.62 0
655.339 444 2458.15 50.72 0
655.705 445 2467.94 50.62 0
656.075 445 2467.94 50.62 0
656.435 445 2467.94 50.62 0
656.802 445 2467.94 50.62 0
657.171 445 2467.94 50.62 0
657.531 445 2467.94 50.62 0
657.903 445 2467.94 50.62 0
658.263 446 2477.76 50.53 0
658.627 445 2467.94 50.62 0
658.997 446 2477.76 50.53 0
659.367 446 2477.76 50.53 0
659.731 446 2477.76 50.53 0
660.091 446 2477.76 50.53 0
660.461 446 2477.76 50.53 0
660.825 446 2477.76 50.53 0
661.195 446 2477.76 50.53 0
661.555 446 2477.76 50.53 0
661.918 446 2477.76 50.53 0
662.288 446 2477.76 50.53 0
662.656 446 2477.76 50.53 0
663.017 446 2477.76 50.53 0
663.379 446 2477.76 50.53 0
663.749 446 2477.76 50.53 0
664.117 446 2477.76 50.53 0
664.477 446 2477.76 50.53 0
664.842 446 2477.76 50.53 0
665.206 446 2477.76 50.53 0
665.576 446 2477.76 50.53 0
665.945 446 2477.76 50.53 0
666.306 446 2477.76 50.53 0
666.681 447 2487.61 50.43 0
667.039 447 2487.61 50.43 0
667.4 447 2487.61 50.43 0
667.764 447 2487.61 50.43 0
668.133 447 2487.61 50.43 0
668.503 447 2487.61 50.43 0
668.867 447 2487.61 50.43 0
669.227 447 2487.61 50.43 0
669.597 447 2487.61 50.43 0
669.961 447 2487.61 50.43 0
670.331 447 2487.61 50.43 0
670.692 447 2487.61 50.43 0
671.053 447 2487.61 50.43 0
671.424 447 2487.61 50.43 0
671.798 447 2487.61 50.43 0
672.157 447 2487.61 50.43 0
672.517 448 2497.50 50.33 0
672.883 448 2497.50 50.33 0
673.253 448 2497.50 50.33 0
673.613 448 2497.50 50.33 0
673.986 448 2497.50 50.33 0
674.345 448 2497.50 50.33 0
674.715 448 2497.50 50.33 0
675.081 448 2497.50 50.33 0
675.441 448 2497.50 50.33 0
675.809 448 2497.50 50.33 0
676.177 448 2497.50 50.33 0
676.547 448 2497.50 50.33 0
676.911 448 2497.50 50.33 0
677.274 448 2497.50 50.33 0
677.634 448 2497.50 50.33 0
678.004 448 2497.50 50.33 0
678.364 448 2497.50 50.33 0
678.733 448 2497.50 50.33 0
679.104 448 2497.50 50.33 0
679.463 448 2497.50 50.33 0
679.833 448 2497.50 50.33 0
680.191 449 2507.43 50.23 0
680.561 449 2507.43 50.23 0
680.925 449 2507.43 50.23 0
681.292 449 2507.43 50.23 0
681.662 449 2507.43 50.23 0
682.028 449 2507.43 50.23 0
682.388 449 2507.43 50.23 0
682.751 449 2507.43 50.23 0
683.115 449 2507.43 50.23 0
683.486 449 2507.43 50.23 0
683.855 449 2507.43 50.23 0
684.217 449 2507.43 50.23 0
684.577 450 2517.39 50.13 0
684.945 450 2517.39 50.13 0
685.311 450 2517.39 50.13 0
685.681 450 2517.39 50.13 0
686.045 450 2517.39 50.13 0
686.405 450 2517.39 50.13 0
686.774 450 2517.39 50.13 0
687.141 450 2517.39 50.13 0
687.502 450 2517.39 50.13 0
687.871 450 2517.39 50.13 0
688.232 450 2517.39 50.13 0
688.602 450 2517.39 50.13 0
688.962 450 2517.39 50.13 0
689.334 450 2517.39 50.13 0
689.694 450 2517.39 50.13 0
690.063 450 2517.39 50.13 0
690.431 450 2517.39 50.13 0
690.801 450 2517.39 50.13 0
691.157 450 2517.39 50.13 0
691.526 450 2517.39 50.13 0
691.886 451 2527.38 50.03 0
692.25 450 2517.39 50.13 0
692.62 451 2527.38 50.03 0
692.98 451 2527.38 50.03 0
693.354 451 2527.38 50.03 0
693.714 451 2527.38 50.03 0
694.08 451 2527.38 50.03 0
694.446 451 2527.38 50.03 0
694.816 451 2527.38 50.03 0
695.18 451 2527.38 50.03 0
695.54 451 2527.38 50.03 0
695.912 451 2527.38 50.03 0
696.276 451 2527.38 50.03 0
696.635 451 2527.38 50.03 0
697.005 452 2537.41 49.94 0
697.365 452 2537.41 49.94 0
697.735 452 2537.41 49.94 0
698.104 452 2537.41 49.94 0
698.463 452 2537.41 49.94 0
698.832 452 2537.41 49.94 0
699.196 452 2537.41 49.94 0
699.566 452 2537.41 49.94 0
699.926 452 2537.41 49.94 0
700.29 452 2537.41 49.94 0
700.66 452 2537.41 49.94 0
701.02 452 2537.41 49.94 0
701.385 452 2537.41 49.94 0
701.754 452 2537.41 49.94 0
702.124 452 2537.41 49.94 0
702.49 452 2537.41 49.94 0
702.85 452 2537.41 49.94 0
703.218 452 2537.41 49.94 0
703.584 452 2537.41 49.94 0
703.943 452 2537.41 49.94 0
704.317 452 2537.41 49.94 0
704.677 453 2547.47 49.84 0
705.047 453 2547.47 49.84 0
705.411 453 2547.47 49.84 0
705.771 453 2547.47 49.84 0
706.141 453 2547.47 49.84 0
706.505 453 2547.47 49.84 0
706.873 453 2547.47 49.84 0
707.242 453 2547.47 49.84 0
707.6 453 2547.47 49.84 0
707.97 453 2547.47 49.84 0
708.334 453 2547.47 49.84 0
708.694 453 2547.47 49.84 0
709.066 453 2547.47 49.84 0
709.43 454 2557.57 49.74 0
709.79 454 2557.57 49.74 0
710.163 453 2547.47 49.84 0
710.523 454 2557.57 49.74 0
710.893 454 2557.57 49.74 0
711.252 454 2557.57 49.74 0
711.616 454 2557.57 49.74 0
711.986 454 2557.57 49.74 0
712.36 454 2557.57 49.74 0
712.72 454 2557.57 49.74 0
713.08 454 2557.57 49.74 0
713.444 454 2557.57 49.74 0
713.814 454 2557.57 49.74 0
714.174 454 2557.57 49.74 0
714.546 454 2557.57 49.74 0
714.906 454 2557.57 49.74 0
715.278 454 2557.57 49.74 0
715.642 454 2557.57 49.74 0
716.012 454 2557.57 49.74 0
716.37 454 2557.57 49.74 0
716.735 454 2557.57 49.74 0
717.105 455 2567.71 49.64 0
717.469 455 2567.71 49.64 0
717.839 455 2567.71 49.64 0
718.204 455 2567.71 49.64 0
718.564 455 2567.71 49.64 0
718.933 455 2567.71 49.64 0
719.294 455 2567.71 49.64 0
719.658 455 2567.71 49.64 0
720.027 455 2567.71 49.64 0
720.393 455 2567.71 49.64 0
720.759 455 2567.71 49.64 0
721.129 455 2567.71 49.64 0
721.495 455 2567.71 49.64 0
721.857 456 2577.88 49.55 0
722.225 456 2577.88 49.55 0
722.591 456 2577.88 49.55 0
722.95 456 2577.88 49.55 0
723.32 456 2577.88 49.55 0
723.684 456 2577.88 49.55 0
724.044 456 2577.88 49.55 0
724.414 456 2577.88 49.55 0
724.778 456 2577.88 49.55 0
725.148 456 2577.88 49.55 0
725.514 456 2577.88 49.55 0
725.876 456 2577.88 49.55 0
726.246 456 2577.88 49.55 0
726.606 456 2577.88 49.55 0
726.976 456 2577.88 49.55 0
727.334 456 2577.88 49.55 0
727.7 456 2577.88 49.55 0
728.07 456 2577.88 49.55 0
728.435 456 2577.88 49.55 0
728.796 456 2577.88 49.55 0
729.16 456 2577.88 49.55 0
729.53 456 2577.88 49.55 0
729.899 456 2577.88 49.55 0
730.259 456 2577.88 49.55 0
730.623 457 2588.08 49.45 0
730.992 457 2588.08 49.45 0
731.352 457 2588.08 49.45 0
731.726 457 2588.08 49.45 0
732.086 457 2588.08 49.45 0
732.455 457 2588.08 49.45 0
732.82 457 2588.08 49.45 0
733.185 457 2588.08 49.45 0
733.545 457 2588.08 49.45 0
733.912 457 2588.08 49.45 0
734.282 457 2588.08 49.45 0
734.65 457 2588.08 49.45 0
735.008 457 2588.08 49.45 0
735.375 458 2598.32 49.35 0
735.742 458 2598.32 49.35 0
736.111 458 2598.32 49.35 0
736.471 458 2598.32 49.35 0
736.835 458 2598.32 49.35 0
737.204 458 2598.32 49.35 0
737.573 458 2598.32 49.35 0
737.939 458 2598.32 49.35 0
738.3 458 2598.32 49.35 0
738.675 458 2598.32 49.35 0
739.032 458 2598.32 49.35 0
739.393 458 2598.32 49.35 0
739.766 458 2598.32 49.35 0
740.126 458 2598.32 49.35 0
740.496 458 2598.32 49.35 0
740.86 458 2598.32 49.35 0
741.221 458 2598.32 49.35 0
741.593 458 2598.32 49.35 0
741.956 458 2598.32 49.35 0
742.326 458 2598.32 49.35 0
742.696 458 2598.32 49.35 0
743.05 458 2598.32 49.35 0
743.413 459 2608.60 49.25 0
743.793 459 2608.60 49.25 0
744.153 459 2608.60 49.25 0
744.513 459 2608.60 49.25 0
744.877 459 2608.60 49.25 0
745.247 459 2608.60 49.25 0
745.607 459 2608.60 49.25 0
745.971 459 2608.60 49.25 0
746.345 459 2608.60 49.25 0
746.705 459 2608.60 49.25 0
747.075 459 2608.60 49.25 0
747.435 459 2608.60 49.25 0
747.802 459 2608.60 49.25 0
748.171 460 2618.92 49.16 0
748.531 460 2618.92 49.16 0
748.895 460 2618.92 49.16 0
749.265 460 2618.92 49.16 0
749.624 460 2618.92 49.16 0
749.998 460 2618.92 49.16 0
750.356 460 2618.92 49.16 0
750.726 460 2618.92 49.16 0
751.091 460 2618.92 49.16 0
751.451 460 2618.92 49.16 0
751.821 460 2618.92 49.16 0
752.185 460 2618.92 49.16 0
752.547 460 2618.92 49.16 0
752.919 460 2618.92 49.16 0
753.286 460 2618.92 49.16 0
753.646 460 2618.92 49.16 0
754.014 460 2618.92 49.16 0
754.376 460 2618.92 49.16 0
754.746 460 2618.92 49.16 0
755.108 461 2629.27 49.06 0
755.476 460 2618.92 49.16 0
755.845 460 2618.92 49.16 0
756.201 461 2629.27 49.06 0
756.571 461 2629.27 49.06 0
756.948 461 2629.27 49.06 0
757.315 461 2629.27 49.06 0
757.665 461 2629.27 49.06 0
758.029 461 2629.27 49.06 0
758.399 461 2629.27 49.06 0
758.759 461 2629.27 49.06 0
759.132 461 2629.27 49.06 0
759.493 461 2629.27 49.06 0
759.862 461 2629.27 49.06 0
760.227 461 2629.27 49.06 0
760.59 461 2629.27 49.06 0
760.959 461 2629.27 49.06 0
761.322 461 2629.27 49.06 0
761.682 462 2639.66 48.96 0
762.055 462 2639.66 48.96 0
762.415 462 2639.66 48.96 0
762.785 462 2639.66 48.96 0
763.149 462 2639.66 48.96 0
763.509 462 2639.66 48.96 0
763.879 462 2639.66 48.96 0
764.243 462 2639.66 48.96 0
764.613 462 2639.66 48.96 0
764.973 462 2639.66 48.96 0
765.343 462 2639.66 48.96 0
765.703 462 2639.66 48.96 0
766.074 462 2639.66 48.96 0
766.441 462 2639.66 48.96 0
766.801 462 2639.66 48.96 0
767.165 462 2639.66 48.96 0
767.536 462 2639.66 48.96 0
767.896 462 2639.66 48.96 0
768.27 462 2639.66 48.96 0
768.63 462 2639.66 48.96 0
769.0 462 2639.66 48.96 0
769.364 462 2639.66 48.96 0
769.724 463 2650.08 48.87 0
770.094 462 2639.66 48.96 0
770.457 463 2650.08 48.87 0
770.827 463 2650.08 48.87 0
771.191 463 2650.08 48.87 0
771.551 463 2650.08 48.87 0
771.921 463 2650.08 48.87 0
772.285 463 2650.08 48.87 0
772.655 463 2650.08 48.87 0
773.015 463 2650.08 48.87 0
773.386 463 2650.08 48.87 0
773.746 463 2650.08 48.87 0
774.108 463 2650.08 48.87 0
774.477 463 2650.08 48.87 0
774.846 464 2660.55 48.77 0
775.212 464 2660.55 48.77 0
775.575 464 2660.55 48.77 0
775.935 464 2660.55 48.77 0
776.305 464 2660.55 48.77 0
776.675 464 2660.55 48.77 0
777.035 464 2660.55 48.77 0
777.405 464 2660.55 48.77 0
777.765 464 2660.55 48.77 0
778.135 464 2660.55 48.77 0
778.498 464 2660.55 48.77 0
778.859 464 2660.55 48.77 0
779.237 464 2660.55 48.77 0
779.593 464 2660.55 48.77 0
779.963 464 2660.55 48.77 0
780.327 464 2660.55 48.77 0
780.695 464 2660.55 48.77 0
781.055 464 2660.55 48.77 0
781.422 465 2671.05 48.67 0
781.792 464 2660.55 48.77 0
782.152 464 2660.55 48.77 0
782.516 464 2660.55 48.77 0
782.885 464 2660.55 48.77 0
783.245 464 2660.55 48.77 0
783.619 465 2671.05 48.67 0
783.979 465 2671.05 48.67 0
784.353 465 2671.05 48.67 0
784.713 465 2671.05 48.67 0
785.073 465 2671.05 48.67 0
785.447 465 2671.05 48.67 0
785.809 465 2671.05 48.67 0
786.169 465 2671.05 48.67 0
786.541 465 2671.05 48.67 0
786.901 465 2671.05 48.67 0
787.273 465 2671.05 48.67 0
787.637 465 2671.05 48.67 0
787.997 466 2681.59 48.58 0
788.365 466 2681.59 48.58 0
788.73 466 2681.59 48.58 0
789.1 466 2681.59 48.58 0
789.464 466 2681.59 48.58 0
789.824 466 2681.59 48.58 0
790.194 466 2681.59 48.58 0
790.558 466 2681.59 48.58 0
790.927 466 2681.59 48.58 0
791.287 466 2681.59 48.58 0
791.652 466 2681.59 48.58 0
792.021 466 2681.59 48.58 0
792.382 466 2681.59 48.58 0
792.754 466 2681.59 48.58 0
793.117 466 2681.59 48.58 0
793.481 466 2681.59 48.58 0
793.85 466 2681.59 48.58 0
794.21 466 2681.59 48.58 0
794.594 466 2681.59 48.58 0
794.943 466 2681.59 48.58 0
795.313 466 2681.59 48.58 0
795.677 466 2681.59 48.58 0
796.037 467 2692.16 48.48 0
796.407 467 2692.16 48.48 0
796.771 467 2692.16 48.48 0
797.141 467 2692.16 48.48 0
797.519 467 2692.16 48.48 0
797.875 467 2692.16 48.48 0
798.235 467 2692.16 48.48 0
798.599 467 2692.16 48.48 0
798.969 467 2692.16 48.48 0
799.329 467 2692.16 48.48 0
799.695 467 2692.16 48.48 0
800.066 467 2692.16 48.48 0
800.428 467 2692.16 48.48 0
800.798 467 2692.16 48.48 0
801.158 468 2702.78 48.38 0
801.527 468 2702.78 48.38 0
801.891 468 2702.78 48.38 0
802.251 468 2702.78 48.38 0
802.616 468 2702.78 48.38 0
802.986 468 2702.78 48.38 0
803.356 468 2702.78 48.38 0
803.72 468 2702.78 48.38 0
804.08 468 2702.78 48.38 0
804.448 468 2702.78 48.38 0
804.814 468 2702.78 48.38 0
805.184 468 2702.78 48.38 0
805.547 468 2702.78 48.38 0
805.907 468 2702.78 48.38 0
806.279 468 2702.78 48.38 0
806.637 468 2702.78 48.38 0
807.003 468 2702.78 48.38 0
807.367 468 2702.78 48.38 0
807.736 468 2702.78 48.38 0
808.106 468 2702.78 48.38 0
808.466 468 2702.78 48.38 0
808.83 468 2702.78 48.38 0
809.2 469 2713.43 48.29 0
809.56 469 2713.43 48.29 0
809.924 469 2713.43 48.29 0
810.294 469 2713.43 48.29 0
810.671 469 2713.43 48.29 0
811.028 469 2713.43 48.29 0
811.388 469 2713.43 48.29 0
811.752 469 2713.43 48.29 0
812.122 469 2713.43 48.29 0
812.483 469 2713.43 48.29 0
812.849 469 2713.43 48.29 0
813.218 469 2713.43 48.29 0
813.588 469 2713.43 48.29 0
813.95 469 2713.43 48.29 0
814.309 469 2713.43 48.29 0
814.679 470 2724.12 48.19 0
815.043 470 2724.12 48.19 0
815.413 470 2724.12 48.19 0
815.787 470 2724.12 48.19 0
816.145 470 2724.12 48.19 0
816.504 470 2724.12 48.19 0
816.872 470 2724.12 48.19 0
817.242 470 2724.12 48.19 0
817.604 470 2724.12 48.19 0
817.966 470 2724.12 48.19 0
818.336 470 2724.12 48.19 0
818.714 470 2724.12 48.19 0
819.07 470 2724.12 48.19 0
819.432 470 2724.12 48.19 0
819.798 470 2724.12 48.19 0
820.166 470 2724.12 48.19 0
820.524 470 2724.12 48.19 0
820.888 470 2724.12 48.19 0
821.258 470 2724.12 48.19 0
821.628 470 2724.12 48.19 0
821.991 470 2724.12 48.19 0
822.351 470 2724.12 48.19 0
822.721 471 2734.85 48.09 0
823.085 471 2734.85 48.09 0
823.446 471 2734.85 48.09 0
823.815 471 2734.85 48.09 0
824.179 471 2734.85 48.09 0
824.549 471 2734.85 48.09 0
824.913 471 2734.85 48.09 0
825.273 471 2734.85 48.09 0
825.643 471 2734.85 48.09 0
826.009 471 2734.85 48.09 0
826.37 471 2734.85 48.09 0
826.739 471 2734.85 48.09 0
827.103 471 2734.85 48.09 0
827.471 471 2734.85 48.09 0
827.831 471 2734.85 48.09 0
828.196 472 2745.62 48.00 0
828.566 472 2745.62 48.00 0
828.934 472 2745.62 48.00 0
829.295 472 2745.62 48.00 0
829.666 472 2745.62 48.00 0
830.024 472 2745.62 48.00 0
830.394 472 2745.62 48.00 0
830.754 472 2745.62 48.00 0
831.128 472 2745.62 48.00 0
831.488 472 2745.62 48.00 0
831.858 472 2745.62 48.00 0
832.224 472 2745.62 48.00 0
832.584 472 2745.62 48.00 0
832.954 472 2745.62 48.00 0
833.317 472 2745.62 48.00 0
833.687 472 2745.62 48.00 0
834.051 472 2745.62 48.00 0
834.411 472 2745.62 48.00 0
834.78 472 2745.62 48.00 0
835.144 472 2745.62 48.00 0
835.509 472 2745.62 48.00 0
835.879 472 2745.62 48.00 0
836.237 473 2756.43 47.90 0
836.607 473 2756.43 47.90 0
836.967 473 2756.43 47.90 0
837.341 473 2756.43 47.90 0
837.698 473 2756.43 47.90 0
838.068 473 2756.43 47.90 0
838.436 473 2756.43 47.90 0
838.798 473 2756.43 47.90 0
839.162 473 2756.43 47.90 0
839.528 473 2756.43 47.90 0
839.897 473 2756.43 47.90 0
840.265 473 2756.43 47.90 0
840.627 473 2756.43 47.90 0
840.987 473 2756.43 47.90 0
841.358 473 2756.43 47.90 0
841.726 473 2756.43 47.90 0
842.087 474 2767.27 47.81 0
842.452 474 2767.27 47.81 0
842.822 474 2767.27 47.81 0
843.186 474 2767.27 47.81 0
843.546 474 2767.27 47.81 0
843.916 474 2767.27 47.81 0
844.28 474 2767.27 47.81 0
844.644 474 2767.27 47.81 0
845.013 474 2767.27 47.81 0
845.376 474 2767.27 47.81 0
845.745 474 2767.27 47.81 0
846.104 474 2767.27 47.81 0
846.469 474 2767.27 47.81 0
846.834 474 2767.27 47.81 0
847.205 474 2767.27 47.81 0
847.573 474 2767.27 47.81 0
847.933 474 2767.27 47.81 0
848.297 474 2767.27 47.81 0
848.667 474 2767.27 47.81 0
849.027 474 2767.27 47.81 0
849.401 474 2767.27 47.81 0
849.761 474 2767.27 47.81 0
850.141 475 2778.16 47.71 0
850.495 475 2778.16 47.71 0
850.865 475 2778.16 47.71 0
851.221 475 2778.16 47.71 0
851.589 475 2778.16 47.71 0
851.963 475 2778.16 47.71 0
852.322 475 2778.16 47.71 0
852.685 475 2778.16 47.71 0
853.055 475 2778.16 47.71 0
853.417 475 2778.16 47.71 0
853.783 475 2778.16 47.71 0
854.143 475 2778.16 47.71 0
854.513 475 2778.16 47.71 0
854.873 475 2778.16 47.71 0
855.243 475 2778.16 47.71 0
855.613 475 2778.16 47.71 0
855.973 476 2789.09 47.61 0
856.347 476 2789.09 47.61 0
856.703 476 2789.09 47.61 0
857.073 476 2789.09 47.61 0
857.441 476 2789.09 47.61 0
857.801 476 2789.09 47.61 0
858.171 476 2789.09 47.61 0
858.537 476 2789.09 47.61 0
858.897 476 2789.09 47.61 0
859.267 476 2789.09 47.61 0
859.63 476 2789.09 47.61 0
859.99 476 2789.09 47.61 0
860.358 476 2789.09 47.61 0
860.724 476 2789.09 47.61 0
861.094 476 2789.09 47.61 0
861.457 476 2789.09 47.61 0
861.82 476 2789.09 47.61 0
862.189 476 2789.09 47.61 0
862.552 476 2789.09 47.61 0
862.921 476 2789.09 47.61 0
863.282 476 2789.09 47.61 0
863.647 476 2789.09 47.61 0
864.016 477 2800.05 47.52 0
864.377 477 2800.05 47.52 0
864.741 477 2800.05 47.52 0
865.113 477 2800.05 47.52 0
865.477 477 2800.05 47.52 0
865.846 477 2800.05 47.52 0
866.206 477 2800.05 47.52 0
866.57 477 2800.05 47.52 0
866.94 477 2800.05 47.52 0
867.3 477 2800.05 47.52 0
867.667 477 2800.05 47.52 0
868.037 477 2800.05 47.52 0
868.398 477 2800.05 47.52 0
868.767 477 2800.05 47.52 0
869.127 477 2800.05 47.52 0
869.493 477 2800.05 47.52 0
869.863 478 2811.06 47.42 0
870.233 478 2811.06 47.42 0
870.593 478 2811.06 47.42 0
870.963 478 2811.06 47.42 0
871.325 478 2811.06 47.42 0
871.695 478 2811.06 47.42 0
872.065 478 2811.06 47.42 0
872.424 478 2811.06 47.42 0
872.792 478 2811.06 47.42 0
873.152 478 2811.06 47.42 0
873.522 478 2811.06 47.42 0
873.886 478 2811.06 47.42 0
874.246 478 2811.06 47.42 0
874.619 478 2811.06 47.42 0
874.979 478 2811.06 47.42 0
875.349 478 2811.06 47.42 0
875.714 478 2811.06 47.42 0
876.074 478 2811.06 47.42 0
876.448 478 2811.06 47.42 0
876.808 478 2811.06 47.42 0
877.178 478 2811.06 47.42 0
877.538 478 2811.06 47.42 0
877.904 478 2811.06 47.42 0
878.274 478 2811.06 47.42 0
878.64 478 2811.06 47.42 0
878.997 478 2811.06 47.42 0
879.367 479 2822.11 47.33 0
879.731 479 2822.11 47.33 0
880.101 479 2822.11 47.33 0
880.461 479 2822.11 47.33 0
880.834 479 2822.11 47.33 0
881.195 479 2822.11 47.33 0
881.565 479 2822.11 47.33 0
881.929 479 2822.11 47.33 0
882.289 479 2822.11 47.33 0
882.665 479 2822.11 47.33 0
883.023 479 2822.11 47.33 0
883.393 479 2822.11 47.33 0
883.757 479 2822.11 47.33 0
884.126 479 2822.11 47.33 0
884.489 479 2822.11 47.33 0
884.853 480 2833.20 47.23 0
885.222 480 2833.20 47.23 0
885.582 480 2833.20 47.23 0
885.946 480 2833.20 47.23 0
886.316 480 2833.20 47.23 0
886.683 480 2833.20 47.23 0
887.049 480 2833.20 47.23 0
887.409 480 2833.20 47.23 0
887.783 480 2833.20 47.23 0
888.143 480 2833.20 47.23 0
888.513 480 2833.20 47.23 0
888.877 480 2833.20 47.23 0
889.237 480 2833.20 47.23 0
889.608 480 2833.20 47.23 0
889.971 480 2833.20 47.23 0
890.341 480 2833.20 47.23 0
890.701 480 2833.20 47.23 0
891.067 480 2833.20 47.23 0
891.436 480 2833.20 47.23 0
891.802 480 2833.20 47.23 0
892.168 480 2833.20 47.23 0
892.528 480 2833.20 47.23 0
892.892 480 2833.20 47.23 0
893.262 480 2833.20 47.23 0
893.622 480 2833.20 47.23 0
893.995 481 2844.33 47.14 0
894.355 481 2844.33 47.14 0
894.725 481 2844.33 47.14 0
895.089 481 2844.33 47.14 0
895.449 481 2844.33 47.14 0
895.819 481 2844.33 47.14 0
896.183 481 2844.33 47.14 0
896.553 481 2844.33 47.14 0
896.917 481 2844.33 47.14 0
897.277 481 2844.33 47.14 0
897.649 481 2844.33 47.14 0
898.013 481 2844.33 47.14 0
898.373 481 2844.33 47.14 0
898.743 481 2844.33 47.14 0
899.106 482 2855.50 47.04 0
899.476 482 2855.50 47.04 0
899.836 482 2855.50 47.04 0
900.21 482 2855.50 47.04 0
900.57 482 2855.50 47.04 0
900.947 482 2855.50 47.04 0
901.304 482 2855.50 47.04 0
901.664 482 2855.50 47.04 0
902.038 482 2855.50 47.04 0
902.398 482 2855.50 47.04 0
902.768 482 2855.50 47.04 0
903.142 482 2855.50 47.04 0
903.492 482 2855.50 47.04 0
903.866 482 2855.50 47.04 0
904.228 482 2855.50 47.04 0
904.588 482 2855.50 47.04 0
904.956 482 2855.50 47.04 0
905.321 482 2855.50 47.04 0
905.691 482 2855.50 47.04 0
906.055 482 2855.50 47.04 0
906.415 482 2855.50 47.04 0
906.784 482 2855.50 47.04 0
907.148 483 2866.71 46.95 0
907.518 483 2866.71 46.95 0
907.879 483 2866.71 46.95 0
908.251 483 2866.71 46.95 0
908.613 483 2866.71 46.95 0
908.981 483 2866.71 46.95 0
909.347 483 2866.71 46.95 0
909.707 483 2866.71 46.95 0
910.075 483 2866.71 46.95 0
910.439 483 2866.71 46.95 0
910.801 483 2866.71 46.95 0
911.175 483 2866.71 46.95 0
911.537 483 2866.71 46.95 0
911.902 483 2866.71 46.95 0
912.274 483 2866.71 46.95 0
912.636 484 2877.96 46.85 0
912.996 484 2877.96 46.85 0
913.362 484 2877.96 46.85 0
913.73 484 2877.96 46.85 0
914.1 484 2877.96 46.85 0
914.463 484 2877.96 46.85 0
914.823 484 2877.96 46.85 0
915.19 484 2877.96 46.85 0
915.559 484 2877.96 46.85 0
915.92 484 2877.96 46.85 0
916.284 484 2877.96 46.85 0
916.656 484 2877.96 46.85 0
917.018 484 2877.96 46.85 0
917.389 484 2877.96 46.85 0
917.749 484 2877.96 46.85 0
918.113 484 2877.96 46.85 0
918.481 484 2877.96 46.85 0
918.843 484 2877.96 46.85 0
919.216 484 2877.96 46.85 0
919.576 484 2877.96 46.85 0
919.943 484 2877.96 46.85 0
920.31 484 2877.96 46.85 0
920.67 484 2877.96 46.85 0
921.04 484 2877.96 46.85 0
921.404 485 2889.25 46.76 0
921.774 485 2889.25 46.76 0
922.143 485 2889.25 46.76 0
922.498 485 2889.25 46.76 0
922.868 485 2889.25 46.76 0
923.247 485 2889.25 46.76 0
923.594 485 2889.25 46.76 0
923.964 485 2889.25 46.76 0
924.328 485 2889.25 46.76 0
924.697 485 2889.25 46.76 0
925.057 485 2889.25 46.76 0
925.431 485 2889.25 46.76 0
925.791 485 2889.25 46.76 0
926.16 485 2889.25 46.76 0
926.524 486 2900.59 46.66 0
926.884 486 2900.59 46.66 0
927.254 485 2889.25 46.76 0
927.618 486 2900.59 46.66 0
927.983 486 2900.59 46.66 0
928.352 486 2900.59 46.66 0
928.719 486 2900.59 46.66 0
929.084 486 2900.59 46.66 0
929.446 486 2900.59 46.66 0
929.819 486 2900.59 46.66 0
930.173 486 2900.59 46.66 0
930.539 486 2900.59 46.66 0
930.904 486 2900.59 46.66 0
931.272 486 2900.59 46.66 0
931.639 486 2900.59 46.66 0
931.999 486 2900.59 46.66 0
932.372 486 2900.59 46.66 0
932.738 486 2900.59 46.66 0
933.1 486 2900.59 46.66 0
933.462 486 2900.59 46.66 0
933.832 486 2900.59 46.66 0
934.199 486 2900.59 46.66 0
934.565 486 2900.59 46.66 0
934.933 486 2900.59 46.66 0
935.298 486 2900.59 46.66 0
935.659 486 2900.59 46.66 0
936.025 487 2911.97 46.57 0
936.389 487 2911.97 46.57 0
936.759 487 2911.97 46.57 0
937.119 487 2911.97 46.57 0
937.489 487 2911.97 46.57 0
937.85 487 2911.97 46.57 0
938.219 487 2911.97 46.57 0
938.588 487 2911.97 46.57 0
938.952 487 2911.97 46.57 0
939.312 487 2911.97 46.57 0
939.683 487 2911.97 46.57 0
