7748.464 0.0354081392288208
7749.871 0.03541004657745361
7751.263 0.035405516624450684
7752.655 0.0354081392288208
7754.047 0.035404086112976074
7755.708 0.035419583320617676
7757.101 0.03540968894958496
7758.51 0.0354079008102417
7759.902 0.035408854484558105
7761.293 0.03541290760040283
7762.685 0.035405516624450684
7764.078 0.03539931774139404
7765.469 0.035407304763793945
7766.861 0.03540194034576416
7768.252 0.03541088104248047
7769.644 0.0354081392288208
7771.036 0.03541290760040283
7772.427 0.03540456295013428
7773.835 0.035402894020080566
7775.227 0.035400986671447754
7776.619 0.03540933132171631
7778.027 0.03540337085723877
7779.434 0.03540647029876709
7780.826 0.03540647029876709
7782.218 0.03540194034576416
7783.61 0.03540849685668945
7785.001 0.03540968894958496
7786.393 0.03541123867034912
7787.786 0.035408854484558105
7789.177 0.03541684150695801
7790.568 0.03539776802062988
7791.96 0.03541088104248047
7793.352 0.035402894020080566
7794.745 0.03541886806488037
7796.406 0.035402894020080566
7797.814 0.03541445732116699
7799.206 0.03540527820587158
7800.599 0.03541362285614014
7801.99 0.035402894020080566
7803.382 0.03540694713592529
7804.774 0.035405755043029785
7806.166 0.0354079008102417
7807.557 0.03540909290313721
7808.949 0.03540527820587158
7810.341 0.03541266918182373
7811.733 0.03540170192718506
7813.125 0.035404324531555176
7814.532 0.03541123867034912
7815.924 0.03540337085723877
7817.315 0.03540909290313721
7818.707 0.03540527820587158
7820.1 0.03541362285614014
7821.491 0.03540933132171631
7822.883 0.03540968894958496
7824.274 0.03540050983428955
7825.666 0.035407304763793945
7827.059 0.03541684150695801
7828.45 0.03540849685668945
7829.841 0.03541767597198486
7831.233 0.03540694713592529
7832.624 0.035405755043029785
7834.033 0.0354001522064209
7835.425 0.0354079008102417
7837.086 0.035410523414611816
7838.479 0.035416245460510254
7839.871 0.03540372848510742
7841.262 0.03540611267089844
7842.655 0.03539776802062988
7844.047 0.03540611267089844
7845.439 0.03540337085723877
7846.832 0.03540372848510742
7848.222 0.03540372848510742
7849.63 0.0354076623916626
7851.023 0.03540849685668945
7852.414 0.03540492057800293
7853.805 0.035405755043029785
