7403.884 -1.2517979145050049
7405.275 -1.251780390739441
7406.667 -1.2517935037612915
7408.06 -1.251789927482605
7409.45 -1.2518000602722168
7410.843 -1.2517926692962646
7412.234 -1.2517931461334229
7413.642 -1.2517988681793213
7415.034 -1.251786708831787
7416.68 -1.2517974376678467
7418.088 -1.2518054246902466
7419.48 -1.2517905235290527
7420.872 -1.2517952919006348
7422.264 -1.2517955303192139
7423.672 -1.2517950534820557
7425.064 -1.2517979145050049
7426.455 -1.2517940998077393
7427.847 -1.2517943382263184
7429.239 -1.2517988681793213
7430.631 -1.251799464225769
7432.023 -1.251787543296814
7433.414 -1.2517991065979004
7434.806 -1.251797080039978
7436.198 -1.2517911195755005
7437.59 -1.251802682876587
7438.982 -1.251779556274414
7440.373 -1.2517917156219482
7441.765 -1.2517907619476318
7443.427 -1.2517998218536377
7444.819 -1.25180184841156
7446.211 -1.2518014907836914
7447.62 -1.2517964839935303
7449.012 -1.2517926692962646
7450.403 -1.251797080039978
7451.795 -1.251800298690796
7453.187 -1.2517863512039185
7454.579 -1.2518036365509033
7455.971 -1.2518012523651123
7457.362 -1.2517879009246826
7458.77 -1.2517919540405273
7460.162 -1.2517943382263184
7461.553 -1.2517988681793213
7462.945 -1.2518024444580078
7464.336 -1.2517938613891602
7465.729 -1.2517976760864258
7467.12 -1.2517926692962646
7468.512 -1.251794695854187
7469.888 -1.2517938613891602
7471.28 -1.25180184841156
7472.671 -1.251799464225769
7474.063 -1.2517926692962646
7475.455 -1.2517905235290527
7476.847 -1.2517986297607422
7478.239 -1.2518057823181152
7479.63 -1.2517962455749512
7481.022 -1.2517974376678467
7482.414 -1.2517964839935303
7484.06 -1.2518010139465332
7485.452 -1.2518022060394287
7486.845 -1.2518078088760376
7488.237 -1.251799464225769
7489.645 -1.2518086433410645
7491.052 -1.2517943382263184
7492.444 -1.2518014907836914
7493.836 -1.2517914772033691
7495.228 -1.2517962455749512
7496.619 -1.2517881393432617
7498.012 -1.2517982721328735
7499.403 -1.251812219619751
7500.795 -1.2517991065979004
7502.186 -1.251805067062378
7503.594 -1.2517955303192139
7504.986 -1.2517976760864258
7506.378 -1.251799464225769
7507.769 -1.2518033981323242
7509.161 -1.2518012523651123
7510.553 -1.2517988681793213
7511.945 -1.2517976760864258
7513.336 -1.2517917156219482
7514.728 -1.2517988681793213
7516.12 -1.2517988681793213
7517.512 -1.2518022060394287
