2833.092 -1.2495940923690796
2834.498 -1.2495917081832886
2835.891 -1.2495884895324707
2837.282 -1.2495946884155273
2838.675 -1.249593734741211
2840.082 -1.2495964765548706
2841.473 -1.2495968341827393
2842.866 -1.249586582183838
2844.257 -1.249590516090393
2845.648 -1.249593734741211
2847.041 -1.2495875358581543
2848.432 -1.2495956420898438
2849.825 -1.2495908737182617
2851.486 -1.2495920658111572
2852.878 -1.2495982646942139
2854.271 -1.2496044635772705
2855.68 -1.249603033065796
2857.071 -1.249596118927002
2858.462 -1.2495980262756348
2859.854 -1.2495980262756348
2861.246 -1.2495968341827393
2862.637 -1.2495992183685303
2864.029 -1.2495994567871094
2865.422 -1.2496024370193481
2866.814 -1.2495973110198975
2868.205 -1.249593734741211
2869.596 -1.2495982646942139
2871.004 -1.2496000528335571
2872.396 -1.2496063709259033
2873.789 -1.2495980262756348
2875.18 -1.249598503112793
2876.571 -1.249598503112793
2877.964 -1.249603033065796
2879.355 -1.249605655670166
2880.746 -1.2495988607406616
2882.138 -1.2495920658111572
2883.531 -1.2495940923690796
2884.923 -1.2496027946472168
2886.314 -1.2496060132980347
2887.706 -1.2495994567871094
2889.098 -1.2495970726013184
2890.489 -1.2496004104614258
2892.151 -1.2495946884155273
2893.56 -1.2495968341827393
2894.952 -1.2495982646942139
2896.344 -1.2495949268341064
2897.736 -1.249605417251587
2899.128 -1.249593734741211
2900.519 -1.2495958805084229
2901.912 -1.2495920658111572
2903.302 -1.249598503112793
2904.694 -1.2495992183685303
2906.103 -1.2495970726013184
2907.494 -1.2496004104614258
2908.886 -1.2496044635772705
2910.277 -1.2496095895767212
2911.67 -1.2496004104614258
2913.062 -1.2496016025543213
2914.452 -1.2496051788330078
2915.845 -1.249592900276184
2917.237 -1.2496020793914795
2918.629 -1.2496072053909302
2920.02 -1.2496036291122437
2921.411 -1.2496063709259033
2922.804 -1.2496006488800049
2924.196 -1.2496083974838257
2925.603 -1.24961256980896
2926.995 -1.2496063709259033
2928.386 -1.2496066093444824
2929.795 -1.2496119737625122
2931.187 -1.2496072053909302
2932.832 -1.2496075630187988
2934.225 -1.249614953994751
2935.633 -1.2496089935302734
2937.025 -1.2496135234832764
2938.416 -1.249605417251587
2939.809 -1.2496018409729004
2941.217 -1.2496155500411987
2942.625 2.378695487976074
2944.016 2.378535032272339
2945.407 2.3784468173980713
2946.8 2.378605604171753
2948.192 2.3786509037017822
2949.583 2.3785858154296875
2950.975 2.378474235534668
2952.366 2.3786115646362305
2953.759 2.378845453262329
2955.15 2.3786206245422363
2956.542 2.3786044120788574
2957.934 2.3786964416503906
2959.58 2.3787670135498047
2960.971 2.3784730434417725
2962.364 2.3783345222473145
2963.756 2.378304958343506
2965.148 2.3783278465270996
2966.524 2.3784945011138916
2967.916 2.378392457962036
2969.307 2.37848162651062
2970.7 2.3784780502319336
2972.091 2.378438711166382
2973.482 2.378330707550049
2974.875 2.3711395263671875
2976.266 2.3712847232818604
2977.657 2.371223211288452
2979.05 2.3714218139648438
2980.441 2.3714466094970703
2981.834 2.371016025543213
2983.226 2.371264934539795
2984.633 2.3713362216949463
2986.025 2.3714375495910645
2987.416 2.3714404106140137
2988.808 2.371448278427124
2990.216 2.3714723587036133
2991.624 2.3714518547058105
2993.016 2.3714189529418945
2994.408 2.371302843093872
2995.799 2.371413230895996
2997.191 2.3714396953582764
2998.582 2.371363878250122
3000.245 -0.6245508790016174
3001.636 -0.6245565414428711
3003.029 -0.6245574355125427
3004.421 -0.6245645880699158
3005.813 -0.6245559453964233
3007.22 -0.6245607137680054
3008.613 -0.6245723366737366
3010.005 -0.6245705485343933
3011.396 -0.6245660781860352
3012.788 -0.6245744228363037
3014.179 -0.6245711445808411
3015.572 -0.6247913837432861
3016.964 -0.6248000264167786
3018.355 -0.6247958540916443
3019.731 -0.6247812509536743
3021.123 -0.6247976422309875
3022.515 -0.6247943639755249
3023.906 -0.62479168176651
3025.298 -0.6247943639755249
3026.69 -0.6247991323471069
3028.082 -0.6247979402542114
3029.473 -0.6267693638801575
3030.865 -0.6267812848091125
3032.257 -0.6267806887626648
3033.649 -0.6267794966697693
3035.041 -0.6267726421356201
3036.432 -0.6267735362052917
3037.824 -0.6267786026000977
3039.216 -0.6267678737640381
3040.623 -0.6267786026000977
3042.015 -0.6267824769020081
3043.406 -0.6267744302749634
3044.799 -0.6267762184143066
3046.191 -0.6267794966697693
3047.582 -0.6267759203910828
3048.958 -0.6267690658569336
3050.35 -0.6267830729484558
3051.742 -0.6267839670181274
3053.149 -0.6267765164375305
3054.747 -0.626770555973053
3056.156 -0.6267744302749634
3057.549 -0.6267830729484558
3058.94 -0.626785159111023
3060.332 -0.6267699599266052
3061.724 -0.6267830729484558
3063.132 -0.6267824769020081
3064.522 -0.6267723441123962
3065.915 -0.6267821788787842
3067.306 -0.6267812848091125
3068.699 -0.6267756223678589
3070.09 -0.6267547607421875
3071.482 -0.6267568469047546
3072.874 -0.6267613172531128
3074.265 -0.6267598271369934
3075.657 -0.6267663836479187
3077.049 -0.626751184463501
3078.441 -0.6267601251602173
3079.833 -0.6267622113227844
3081.224 -0.6267642974853516
3082.631 -0.6267586350440979
3084.024 -0.6267666816711426
3085.416 -0.6267577409744263
3086.808 -0.6267526745796204
3088.199 -0.6267556548118591
3089.574 -0.6267616152763367
3090.983 -0.6267496943473816
3092.374 -0.6267598271369934
3093.765 -0.6267547607421875
3095.427 -0.6267508864402771
3096.82 -0.6267622113227844
3098.213 -0.6267616152763367
3099.605 -0.6267592310905457
3101.013 -0.6267735362052917
3102.404 -0.6267625093460083
3103.797 -0.6267544627189636
3105.188 -0.6267678737640381
3106.58 -0.626758337020874
3107.972 -0.6267622113227844
3109.364 -0.6267699599266052
3110.755 -0.6267634034156799
3112.147 -0.6267672777175903
3113.539 -0.6267648935317993
3114.931 -0.6267639994621277
3116.321 -0.6267672777175903
3117.73 -0.6267648935317993
3119.122 -0.6267669796943665
3120.513 -1.1699130535125732
3121.905 -1.1879489421844482
3123.297 -1.1879310607910156
3124.689 -1.187942624092102
3126.081 -1.1879301071166992
3127.471 -1.1879374980926514
3128.864 -1.1879444122314453
3130.255 -1.1879382133483887
3131.647 -1.1879398822784424
3133.041 -1.1879465579986572
3134.43 -1.1879414319992065
3136.093 -1.1879462003707886
3137.502 -1.1879322528839111
3138.893 -1.1879417896270752
3140.285 -1.1879348754882812
3141.677 -1.1879346370697021
3143.07 -1.1879446506500244
3144.461 -1.1879363059997559
3145.853 -1.1879446506500244
3147.245 -1.187942624092102
3148.653 -1.1879324913024902
3150.045 -1.1879396438598633
3151.435 -1.1879405975341797
3152.827 -1.1879414319992065
3154.22 -1.1879374980926514
3155.612 -1.1879446506500244
3157.003 -1.187941074371338
3158.394 -1.1879489421844482
3159.787 -1.1879398822784424
3161.179 -1.1879467964172363
3162.57 -1.1879432201385498
3163.962 -1.18793785572052
3165.353 -1.1879503726959229
3166.746 -1.1879339218139648
3168.153 -1.187940239906311
3169.544 -1.1879422664642334
3170.937 -1.1879384517669678
3172.328 -1.1879479885101318
3173.72 -1.1879384517669678
3175.112 -1.1879405975341797
3176.758 -1.1879384517669678
3178.151 -1.1879148483276367
3179.542 -1.187920331954956
3180.935 -1.1878788471221924
3182.327 -1.187918782234192
3183.719 -1.2376964092254639
3185.11 -1.2377228736877441
3186.502 -1.237729787826538
3187.895 -1.2377345561981201
3189.286 -1.2377371788024902
3190.677 -1.2377417087554932
3192.069 -1.2377228736877441
3193.46 -1.2377307415008545
3194.853 -1.2377252578735352
3196.245 -1.237729549407959
3197.652 -1.2377303838729858
3199.044 -1.2377307415008545
3200.435 -1.237729549407959
3201.828 -1.2377336025238037
3203.219 -1.237734317779541
3204.611 -1.2377327680587769
3206.003 -1.2377312183380127
3207.394 -1.2377235889434814
3208.786 -1.2377381324768066
3210.177 -1.237736701965332
3211.57 -1.2377371788024902
3212.962 -1.2377324104309082
3214.353 -1.2377378940582275
3215.744 -1.2377331256866455
3217.391 -1.2377357482910156
3218.784 -1.2377285957336426
3220.175 -1.2377347946166992
3221.583 -1.2377371788024902
3222.976 -1.2377383708953857
3224.367 -1.2377402782440186
3225.758 -1.237729787826538
3227.151 -1.2377351522445679
3228.543 -1.2377405166625977
3229.935 -1.2377315759658813
3231.326 -1.2377347946166992
3232.719 -1.2377140522003174
3234.111 -1.237717628479004
3235.502 -1.23771333694458
3236.893 -1.2377192974090576
3238.269 -1.2377128601074219
3239.661 -1.2377208471298218
3241.054 -1.237720012664795
3242.445 -1.2377128601074219
3243.836 -1.237722396850586
3245.227 -1.2377128601074219
3246.62 -1.2376970052719116
3248.012 -1.237705945968628
3249.402 -1.2377017736434937
3250.795 -1.237706184387207
3252.187 -1.237705945968628
3253.579 -1.2377005815505981
3254.97 -1.2377089262008667
3256.361 -1.2377077341079712
3258.008 -1.237706184387207
3259.4 -1.2377116680145264
3260.792 -1.2377033233642578
3262.184 -1.237703800201416
3263.576 -1.2377002239227295
3264.985 -1.2377023696899414
3266.376 -1.2377005815505981
3267.768 -1.237705945968628
3269.176 -1.2377017736434937
3270.584 -1.2377049922943115
3271.976 -1.2377101182937622
3273.367 -1.2377104759216309
3274.759 -1.2377047538757324
3276.151 -1.2377073764801025
3277.542 -1.2377089262008667
3278.934 -1.248961091041565
3280.326 -1.248955488204956
3281.718 -1.2489495277404785
3283.109 -1.2489545345306396
3284.501 -1.2489440441131592
3285.893 -1.2489479780197144
3287.285 -1.2489277124404907
3288.676 -1.2489309310913086
3290.084 -1.2489289045333862
3291.476 -1.2489306926727295
3292.868 -1.248915433883667
3294.259 -1.248927116394043
3295.651 -1.2489292621612549
3297.043 -1.2489256858825684
3298.689 -1.248929738998413
3300.081 -1.2489145994186401
3301.472 -1.2489116191864014
3302.865 -1.2489209175109863
3304.258 -1.2489244937896729
3305.65 -1.2489137649536133
3307.041 -1.24892258644104
3308.432 -1.2489113807678223
3309.824 -1.2489157915115356
3311.217 -1.2489169836044312
3312.608 -1.2489149570465088
3313.999 -1.2489235401153564
3315.391 -1.24891996383667
3316.784 -1.2489241361618042
3318.175 -1.2489140033721924
3319.583 -1.2489163875579834
3320.975 -1.2489101886749268
3322.366 -1.2489235401153564
3323.758 -1.2489163875579834
3325.15 -1.2489229440689087
3326.541 -1.2489209175109863
3327.934 -1.2500309944152832
3329.324 -1.2500276565551758
3330.716 -1.2500202655792236
3332.109 -1.2500399351119995
3333.5 -1.250030755996704
3334.892 -1.250024437904358
3336.283 -1.2500379085540771
3337.675 -1.2500300407409668
3339.322 -1.250023603439331
3340.713 -1.2500152587890625
3342.106 -1.250009536743164
3343.514 -1.250016689300537
3344.906 -1.2500178813934326
3346.297 -1.2500026226043701
3347.705 -1.2500121593475342
3349.097 -1.2500083446502686
3350.489 -1.2500176429748535
3351.882 -1.2500131130218506
3353.273 -1.2500125169754028
3354.681 -1.250004768371582
3356.073 -1.2500014305114746
3357.465 -1.2500057220458984
3358.856 -1.2500053644180298
3360.248 -1.2500026226043701
3361.639 -1.250004529953003
3363.031 -1.250004768371582
3364.421 -1.25
3365.814 -1.2500041723251343
3367.206 -1.2500053644180298
3368.615 -1.2500121593475342
3370.006 -1.2499985694885254
3371.397 -1.2500017881393433
3372.79 -1.2500081062316895
3374.197 -1.2500009536743164
3375.588 -1.2500061988830566
3376.98 -1.2499985694885254
3378.372 -1.2500089406967163
3380.02 -1.2500035762786865
3381.411 -1.2500061988830566
3382.804 -1.2499970197677612
3384.196 -1.2500077486038208
3385.604 -1.2499916553497314
3386.995 -1.2500017881393433
3388.387 -1.2501122951507568
3389.779 -1.2501142024993896
3391.171 -1.250109076499939
3392.562 -1.2501120567321777
3393.954 -1.2501111030578613
3395.346 -1.2500905990600586
3396.739 -1.2500989437103271
3398.145 -1.2500971555709839
3399.553 -1.2501022815704346
3400.945 -1.2500932216644287
3402.337 -1.2500947713851929
3403.729 -1.2500911951065063
3405.12 -1.2501003742218018
3406.511 -1.2500900030136108
3407.903 -1.2500991821289062
3409.295 -1.2500911951065063
3410.703 -1.2500872611999512
3412.095 -1.2500860691070557
3413.486 -1.2500824928283691
3414.879 -1.25007963180542
3416.27 -1.2500836849212646
3417.662 -1.25008225440979
3419.055 -1.250126600265503
3420.716 -1.2500977516174316
3422.108 -1.250108242034912
3423.5 -1.2501025199890137
3424.892 -1.2500941753387451
3426.3 -1.2501025199890137
3427.692 -1.25010347366333
3429.084 -1.2501037120819092
3430.475 -1.2500967979431152
3431.868 -1.250099539756775
3433.258 -1.2500965595245361
3434.651 -1.2500983476638794
3436.043 -1.2501037120819092
3437.434 -1.2500959634780884
3438.826 -1.250091791152954
3440.218 -1.2501037120819092
3441.61 -1.2501051425933838
3443.003 -1.2500965595245361
3444.393 -1.250096321105957
3445.801 -1.2501046657562256
3447.193 -1.250098705291748
3448.585 -1.2500927448272705
3449.976 -1.2500860691070557
3451.367 -1.2500872611999512
3452.76 -1.2500944137573242
3454.151 -1.2500768899917603
3455.543 -1.2500808238983154
3456.935 -1.2500860691070557
3458.327 -1.250082015991211
3459.719 -1.2500834465026855
3461.38 -1.250086784362793
3462.789 -1.250084400177002
3464.181 -1.2500700950622559
3465.573 -1.2500804662704468
3466.966 -1.2500784397125244
3468.356 -1.2500760555267334
3469.748 -1.250077247619629
3471.141 -1.250077486038208
3472.533 -1.2500765323638916
3473.924 -1.2500715255737305
3475.316 -1.250079870223999
3476.724 -1.2500756978988647
3478.116 -1.2500836849212646
3479.507 -1.2500840425491333
3480.899 -1.2500780820846558
3482.29 -1.2500762939453125
3483.683 -1.2500768899917603
3648.694 -1.2500154972076416
3650.102 -1.250014305114746
3651.763 -1.2500181198120117
3653.156 -1.2500133514404297
3654.564 -1.2500181198120117
3655.957 -1.2500202655792236
3657.347 -1.2500176429748535
3658.74 -1.2502044439315796
3660.131 -1.2499922513961792
3661.524 -1.250004529953003
3662.916 -1.2500009536743164
3664.291 -1.2499990463256836
3665.683 -1.2500026226043701
3667.091 -1.2499868869781494
3668.483 -1.2499830722808838
3669.874 -1.2499898672103882
3671.266 -1.2499886751174927
3672.658 -1.2498829364776611
3674.051 -1.2498801946640015
3675.441 -1.2498793601989746
3676.833 -1.2498834133148193
3678.495 -1.2498786449432373
3679.887 -1.2498722076416016
3681.278 -1.2498748302459717
3682.671 -1.249873399734497
3684.079 -1.249868631362915
3685.471 -1.2498810291290283
3686.863 -1.2498748302459717
3688.255 -1.2498795986175537
3689.663 -1.249874234199524
3691.055 -1.2487695217132568
3692.445 -1.2487643957138062
3693.838 -1.2487659454345703
3695.245 -1.2487679719924927
3696.653 -1.2487647533416748
3698.045 -1.2487667798995972
3699.437 -1.2487695217132568
3700.829 -1.2487691640853882
3702.221 -1.248762607574463
3703.611 -1.2487614154815674
3705.004 -1.2487742900848389
3706.395 -1.2374836206436157
3707.788 -1.2375092506408691
3709.179 -1.237519383430481
3710.571 -1.2375128269195557
3711.964 -1.2375261783599854
3713.354 -1.2375197410583496
3714.747 -1.237531304359436
3716.154 -1.237518548965454
3717.546 -1.237518548965454
3719.209 -1.1877137422561646
3720.6 -1.1877033710479736
3721.976 -1.1876990795135498
3723.368 -1.187707781791687
3724.761 -1.187692642211914
3726.153 -1.18769109249115
3727.544 -1.1876994371414185
3728.937 -1.1877057552337646
3730.328 -1.1876978874206543
3731.72 -1.1877026557922363
3733.112 -1.1876970529556274
3734.503 -0.6265494227409363
3735.895 -0.6265509128570557
3737.287 -0.6265652179718018
3738.678 -0.6265726685523987
3740.07 -0.6265747547149658
3741.462 -0.6265705823898315
3742.854 -0.6265744566917419
3744.245 -0.6265753507614136
3745.653 -0.6265750527381897
3747.046 -0.6265881657600403
3748.437 -0.6265860795974731
3749.828 -0.6265807151794434
3751.204 -0.6265762448310852
3752.596 -0.6265828013420105
3754.004 -0.6265687942504883
3755.395 2.378019332885742
3756.787 2.377941846847534
3758.179 2.378066062927246
3759.825 2.3780572414398193
3761.216 2.3780765533447266
3762.609 2.378075361251831
3764.001 2.378096580505371
3765.393 2.3782408237457275
3766.784 2.378053903579712
3768.177 2.378054618835449
3769.585 2.3781394958496094
3770.977 -1.2499737739562988
3772.367 -1.2499818801879883
3773.76 -1.2499735355377197
3775.153 -1.2499663829803467
3776.544 -1.2499597072601318
3777.937 -1.2499642372131348
3779.327 -1.249969244003296
3780.719 -1.2499701976776123
3782.111 -1.2499656677246094
3783.503 -1.2499656677246094
3784.894 -1.2499699592590332
3786.286 -1.2499597072601318
3787.678 -1.2499666213989258
3789.071 -1.2499656677246094
3790.461 -1.2499628067016602
3791.853 -1.2499624490737915
3793.261 -1.2499642372131348
3794.653 -1.2499642372131348
3796.045 -1.2499549388885498
3797.436 -1.2499642372131348
3798.828 -1.2499608993530273
3800.507 -1.2499620914459229
3801.898 -1.249968409538269
3803.307 -1.2499624490737915
3804.699 -1.2499663829803467
3806.091 -1.24997079372406
3807.482 -1.2499728202819824
3808.875 -1.2499616146087646
3810.282 -1.2499600648880005
3811.674 -1.2499606609344482
