0.0 16755
1.0 16753
2.0 16743
3.0 16735
4.0 16731
5.0 16725
6.0 16719
7.0 16715
8.0 16713
9.0 16711
10.0 16703
11.0 16700
12.0 16696
13.0 16694
14.0 16690
15.0 16690
16.0 16684
17.0 16679
18.0 16678
19.0 16676
20.0 16672
21.0 16670
22.0 16667
22.9 16666
24.0 16666
25.0 16663
26.0 16661
27.0 16659
27.9 16656
29.0 16651
29.9 16648
30.9 16647
31.9 16644
32.9 16641
33.9 16639
34.9 16636
35.9 16633
36.9 16636
37.9 16633
38.9 16632
39.9 16630
40.9 16624
41.9 16621
42.9 16619
43.9 16618
44.9 16616
45.9 16614
46.9 16615
47.9 16612
48.9 16612
49.9 16611
50.9 16608
51.9 16606
52.9 16608
53.9 16608
54.9 16611
55.9 16615
56.9 16616
57.9 16613
58.9 16611
59.9 16609
60.9 16606
61.9 16607
62.9 16609
63.9 16606
64.9 16604
65.9 16600
66.9 16598
67.9 16595
68.9 16596
69.9 16594
70.9 16594
71.9 16593
72.9 16593
73.9 16593
74.9 16596
75.9 16592
76.9 16593
77.9 16593
78.9 16591
79.9 16591
80.8 16587
81.8 16588
82.8 16587
83.8 16587
84.8 16586
85.8 16583
86.8 16581
87.8 16582
88.8 16583
89.8 16582
90.8 16581
91.8 16583
92.8 16585
93.8 16585
94.8 16587
95.8 16583
96.8 16584
97.8 16583
98.8 16583
99.8 16583
100.8 16582
101.8 16584
102.8 16588
103.8 16589
104.8 16586
105.8 16585
106.8 16583
107.8 16583
108.8 16583
109.8 16584
110.8 16580
111.8 16581
112.8 16577
113.8 16579
114.8 16581
115.8 16580
116.8 16580
117.8 16579
118.8 16580
119.8 16578
120.8 16579
121.8 16581
122.8 16582
123.8 16581
124.8 16580
125.8 16581
126.8 16584
127.8 16585
128.7 16584
129.8 16581
130.7 16580
131.8 16579
132.7 16579
133.8 16576
134.7 16579
135.7 16578
136.8 16580
137.7 16580
138.7 16578
139.7 16578
140.7 16578
141.7 16579
142.7 16577
143.7 16579
144.7 16578
145.7 16578
146.7 16579
147.7 16581
148.7 16579
149.7 16579
150.7 16581
151.7 16583
152.7 16583
153.7 16579
154.7 16579
155.7 16577
156.7 16578
157.7 16581
158.7 16583
159.7 16581
160.7 16584
161.7 16590
162.7 16593
163.7 16589
164.7 16590
165.7 16589
166.7 16592
167.7 16592
168.7 16591
169.7 16593
170.7 16591
171.7 16591
172.7 16591
173.7 16590
174.7 16590
175.7 16590
176.7 16588
177.7 16589
178.7 16591
179.7 16594
180.7 16593
181.7 16592
182.7 16592
183.6 16592
184.7 16592
185.6 16592
186.7 16591
187.6 16589
188.6 16589
189.6 16590
190.6 16590
191.6 16588
192.6 16588
193.6 16588
194.6 16588
195.6 16587
196.6 16587
197.6 16587
198.6 16589
199.6 16589
200.6 16589
201.6 16587
202.6 16587
203.6 16590
204.7 16591
205.6 16593
206.6 16593
207.6 16591
208.6 16597
209.7 16596
210.6 16596
211.6 16596
212.6 16595
213.6 16591
214.6 16593
215.6 16596
216.6 16595
217.6 16594
218.6 16593
219.6 16594
220.6 16592
221.6 16595
222.6 16592
223.6 16592
224.6 16592
225.6 16593
226.6 16594
227.6 16593
228.6 16591
229.6 16591
230.6 16591
231.6 16591
232.6 16591
233.6 16592
234.6 16592
235.6 16590
236.5 16591
237.6 16591
238.6 16591
239.6 16589
240.5 16591
241.5 16588
242.5 16585
243.5 16581
244.5 16582
245.5 16582
246.5 16585
247.5 16586
248.5 16586
249.5 16583
250.5 16582
251.5 16585
252.5 16588
253.5 16587
254.5 16585
255.5 16581
256.5 16584
257.5 16587
258.5 16588
259.5 16588
260.5 16587
261.5 16587
262.5 16587
263.5 16585
264.5 16586
265.5 16587
266.5 16589
267.5 16589
268.5 16586
269.5 16587
270.5 16587
271.5 16586
272.5 16587
273.5 16589
274.5 16591
275.5 16589
276.5 16590
277.5 16588
278.5 16588
279.5 16591
280.5 16589
281.5 16590
282.5 16589
283.5 16591
284.5 16590
285.5 16590
286.5 16590
287.5 16589
288.5 16589
289.4 16591
290.5 16588
291.4 16587
292.5 16587
293.4 16588
294.5 16589
295.4 16587
296.4 16586
297.4 16586
298.4 16587
299.4 16589
300.4 16587
301.4 16587
302.4 16588
303.4 16581
304.4 16588
305.4 16589
306.4 16589
307.4 16587
308.4 16584
309.4 16583
310.4 16584
311.4 16589
312.4 16590
313.4 16593
314.4 16592
315.4 16593
316.4 16588
317.4 16590
318.4 16590
319.4 16588
320.4 16590
321.4 16590
322.4 16590
323.4 16588
324.4 16588
325.4 16592
326.4 16594
327.4 16595
328.4 16592
329.4 16590
330.4 16589
331.4 16591
332.4 16589
333.4 16591
334.4 16591
335.4 16591
336.4 16591
337.4 16590
338.4 16591
339.4 16595
340.4 16593
341.4 16594
342.4 16593
343.4 16592
344.3 16593
345.4 16590
346.3 16588
347.4 16589
348.3 16592
349.3 16593
350.3 16594
351.3 16594
352.3 16592
353.3 16593
354.3 16594
355.3 16592
356.3 16594
357.3 16594
358.3 16596
359.3 16597
360.3 16595
361.3 16595
362.3 16598
363.3 16598
364.3 16598
365.3 16596
366.3 16597
367.3 16598
368.3 16598
369.3 16596
370.3 16598
371.3 16599
372.3 16596
373.3 16594
374.3 16593
375.3 16592
376.3 16593
377.3 16593
378.3 16593
379.3 16592
380.3 16589
381.3 16589
382.3 16589
383.3 16593
384.3 16595
385.3 16593
386.3 16590
387.3 16590
388.3 16591
389.3 16589
390.3 16588
391.3 16588
392.3 16588
393.3 16588
394.3 16588
395.3 16588
396.3 16591
397.2 16590
398.3 16587
399.2 16585
400.3 16587
401.3 16583
402.2 16582
403.3 16580
404.2 16583
405.3 16580
406.2 16582
407.2 16580
408.2 16580
409.2 16583
410.2 16586
411.2 16585
412.2 16584
413.2 16589
414.2 16592
415.2 16590
416.2 16591
417.2 16591
418.2 16594
419.2 16590
420.2 16589
421.2 16588
422.2 16592
423.2 16591
424.2 16588
425.2 16583
426.2 16581
427.2 16582
428.2 16581
429.2 16581
430.2 16583
431.2 16583
432.2 16582
433.2 16584
434.2 16583
435.2 16584
436.2 16586
437.2 16585
438.2 16588
439.2 16587
440.2 16587
441.2 16587
442.2 16587
443.2 16587
444.2 16586
445.2 16586
446.2 16584
447.2 16584
448.2 16584
449.2 16584
450.1 16582
451.2 16583
452.1 16586
453.2 16589
454.2 16586
455.1 16582
456.1 16583
457.1 16589
458.1 16588
459.1 16586
460.1 16588
461.1 16588
462.1 16587
463.1 16589
464.1 16590
465.1 16590
466.1 16587
467.1 16587
468.1 16586
469.1 16585
470.1 16582
471.1 16584
472.1 16585
473.1 16585
474.1 16585
475.1 16583
476.1 16585
477.1 16583
478.1 16585
479.1 16586
480.1 16587
481.1 16588
482.1 16586
483.1 16585
484.1 16587
485.1 16585
486.1 16583
487.1 16581
488.1 16583
489.1 16585
490.1 16582
491.1 16583
492.1 16584
493.1 16586
494.1 16587
495.1 16583
496.1 16586
497.1 16586
498.1 16586
499.1 16586
500.1 16587
501.1 16585
502.1 16585
503.0 16585
504.1 16584
505.0 16582
506.1 16584
507.0 16586
508.1 16586
509.0 16586
510.0 16588
511.0 16586
512.0 16587
513.0 16587
514.0 16586
515.0 16584
516.0 16583
517.0 16585
518.0 16584
519.0 16584
520.0 16583
521.0 16585
522.0 16585
523.0 16583
524.0 16583
525.0 16585
526.0 16583
527.0 16585
528.0 16583
529.0 16582
530.0 16580
531.0 16582
532.0 16581
533.0 16583
534.0 16582
535.0 16582
536.0 16580
537.0 16580
538.0 16583
539.0 16581
540.0 16584
541.0 16580
542.0 16582
543.0 16583
544.0 16585
545.0 16583
546.0 16583
547.0 16582
548.0 16579
549.0 16577
550.0 16577
551.0 16577
552.0 16575
553.0 16578
554.0 16578
555.0 16579
556.0 16577
557.0 16578
558.0 16578
559.0 16580
560.0 16579
561.0 16583
562.0 16580
562.9 16582
563.9 16580
564.9 16583
565.9 16580
566.9 16583
567.9 16582
568.9 16585
569.9 16585
570.9 16584
571.9 16584
572.9 16586
573.9 16585
574.9 16586
575.9 16582
576.9 16582
577.9 16581
578.9 16578
579.9 16579
580.9 16579
581.9 16580
582.9 16582
583.9 16583
584.9 16579
585.9 16578
586.9 16582
587.9 16582
588.9 16580
589.9 16583
590.9 16583
591.9 16584
592.9 16584
593.9 16586
594.9 16585
595.9 16582
596.9 16583
597.9 16583
598.9 16584
599.9 16586
600.9 16586
601.9 16587
602.9 16586
603.9 16589
604.9 16587
605.9 16586
606.9 16585
607.9 16587
608.9 16585
609.9 16585
610.9 16584
611.9 16586
612.9 16585
613.9 16585
614.9 16582
615.8 16583
616.9 16586
617.8 16586
618.9 16588
619.8 16586
620.9 16586
621.8 16586
622.8 16586
623.8 16589
624.8 16591
625.8 16591
626.8 16592
627.8 16591
628.8 16590
629.8 16589
630.8 16592
631.8 16593
632.8 16594
633.8 16593
634.8 16592
635.8 16589
636.8 16588
637.8 16589
638.8 16590
639.8 16592
640.8 16592
641.8 16594
642.8 16591
643.8 16592
644.8 16593
645.8 16591
646.8 16594
647.8 16594
648.8 16591
649.8 16590
650.8 16591
651.8 16590
652.8 16590
653.8 16591
654.8 16591
655.8 16591
656.8 16591
657.8 16592
658.8 16588
659.8 16590
660.8 16591
661.8 16588
662.8 16589
663.8 16590
664.8 16589
665.8 16588
666.8 16588
667.8 16589
668.7 16589
669.8 16583
670.7 16583
671.8 16588
672.7 16589
673.8 16592
674.7 16594
675.7 16592
676.7 16592
677.7 16594
678.7 16594
679.7 16595
680.7 16594
681.7 16595
682.7 16594
683.7 16593
684.7 16593
685.7 16591
686.7 16593
687.7 16592
688.7 16595
689.7 16595
690.7 16597
691.7 16597
692.7 16596
693.7 16595
694.7 16593
695.7 16594
696.7 16593
697.7 16597
698.7 16599
699.7 16597
700.7 16597
701.7 16593
702.7 16591
703.7 16592
704.7 16592
705.7 16593
706.7 16595
707.7 16593
708.7 16594
709.7 16594
710.7 16595
711.7 16597
712.7 16596
713.7 16600
714.7 16598
715.7 16596
716.7 16593
717.7 16595
718.7 16594
719.7 16592
720.7 16593
721.7 16594
722.7 16595
723.7 16597
724.7 16595
725.6 16592
726.7 16597
727.6 16599
728.6 16597
729.6 16598
730.6 16596
731.6 16598
732.6 16596
733.6 16600
734.6 16602
735.6 16598
736.6 16597
737.6 16593
738.6 16594
739.6 16595
740.6 16593
741.6 16592
742.6 16591
743.6 16593
744.6 16590
745.6 16589
746.6 16590
747.6 16588
748.6 16590
749.6 16584
750.6 16584
751.6 16586
752.6 16587
753.6 16590
754.6 16589
755.6 16593
756.6 16596
757.6 16594
758.6 16595
759.6 16597
760.6 16598
761.6 16595
762.6 16597
763.6 16595
764.6 16592
765.6 16592
766.6 16593
767.6 16595
768.6 16594
769.6 16595
770.6 16596
771.6 16596
772.6 16596
773.6 16597
774.6 16596
775.6 16598
776.6 16596
777.6 16597
778.5 16596
779.6 16594
780.6 16592
781.5 16598
782.5 16599
783.5 16597
784.5 16598
785.5 16597
786.5 16598
787.5 16601
788.5 16600
789.5 16597
790.5 16595
791.5 16596
792.5 16596
793.5 16595
794.5 16596
795.5 16593
796.5 16594
797.5 16594
798.5 16595
799.5 16595
800.5 16594
801.5 16593
802.5 16595
803.5 16594
804.5 16595
805.5 16594
806.5 16595
807.5 16595
808.5 16594
809.5 16594
810.5 16594
811.5 16592
812.5 16593
813.5 16595
814.5 16596
815.5 16595
816.5 16594
817.5 16595
818.5 16594
819.5 16596
820.5 16595
821.5 16597
822.5 16599
823.5 16600
824.5 16599
825.5 16598
826.5 16598
827.5 16598
828.5 16597
829.4 16596
830.5 16594
831.4 16598
832.5 16598
833.4 16596
834.5 16598
835.4 16600
836.4 16599
837.4 16597
838.4 16599
839.4 16600
840.4 16601
841.4 16601
842.4 16599
843.4 16598
844.4 16599
845.4 16598
846.4 16597
847.4 16597
848.4 16599
849.4 16597
850.4 16598
851.4 16601
852.4 16601
853.4 16602
854.4 16599
855.4 16598
856.4 16597
857.4 16597
858.4 16596
859.4 16594
860.4 16594
861.4 16594
862.4 16594
863.4 16598
864.4 16597
865.4 16596
866.4 16596
867.4 16595
868.4 16596
869.4 16597
870.4 16595
871.4 16594
872.4 16594
873.4 16593
874.4 16595
875.4 16600
876.4 16603
877.4 16603
878.4 16606
879.4 16604
880.4 16604
881.4 16605
882.4 16606
883.4 16605
884.3 16608
885.4 16601
886.4 16599
887.4 16600
888.4 16598
889.3 16600
890.3 16602
891.3 16602
892.3 16602
893.3 16604
894.3 16604
895.3 16603
896.3 16601
897.3 16601
898.3 16600
899.3 16599
900.3 16601
901.3 16603
902.3 16603
903.3 16604
904.3 16603
905.3 16602
906.3 16602
907.3 16603
908.3 16604
909.3 16605
910.3 16602
911.3 16602
912.3 16603
913.3 16600
914.3 16600
915.3 16601
916.3 16597
917.3 16599
918.3 16597
919.3 16596
920.3 16597
921.3 16598
922.3 16597
923.3 16598
924.3 16599
925.3 16600
926.3 16599
927.3 16600
928.3 16598
929.3 16599
930.3 16597
931.3 16598
932.3 16599
933.3 16601
934.3 16600
935.3 16596
936.3 16598
937.2 16599
938.3 16601
939.2 16604
940.3 16604
941.2 16603
942.2 16604
943.2 16601
944.2 16600
945.2 16601
946.2 16603
947.2 16601
948.2 16600
949.2 16601
950.2 16602
951.2 16603
952.2 16604
953.2 16604
954.2 16605
955.2 16599
956.2 16595
957.2 16598
958.2 16598
959.2 16599
960.2 16596
961.2 16597
962.2 16601
963.2 16599
964.2 16600
965.2 16599
966.2 16600
967.2 16599
968.2 16599
969.2 16604
970.2 16602
971.2 16601
972.2 16601
973.2 16599
974.2 16598
975.2 16597
976.2 16598
977.2 16600
978.2 16603
979.2 16603
980.2 16604
981.2 16603
982.2 16603
983.2 16602
984.2 16601
985.2 16603
986.2 16602
987.2 16604
988.2 16604
989.2 16604
990.2 16604
991.2 16603
992.1 16607
993.2 16609
994.1 16608
995.1 16605
996.1 16604
997.1 16607
998.1 16606
999.1 16608
1000.1 16608
1001.1 16607
1002.1 16607
1003.1 16605
1004.1 16608
1005.1 16608
1006.1 16606
1007.1 16607
1008.1 16608
1009.1 16608
1010.1 16609
1011.1 16610
1012.1 16609
1013.1 16609
1014.1 16609
1015.1 16607
1016.1 16605
1017.1 16606
1018.1 16607
1019.1 16610
1020.1 16613
1021.1 16614
1022.1 16616
1023.1 16616
1024.1 16615
1025.1 16614
1026.1 16613
1027.1 16611
1028.1 16619
1029.1 16621
1030.1 16620
1031.1 16616
1032.1 16616
1033.1 16615
1034.1 16614
1035.1 16612
1036.1 16615
1037.1 16616
1038.1 16613
1039.1 16611
1040.1 16615
1041.1 16612
1042.1 16614
1043.1 16611
1044.1 16611
1045.1 16612
1046.1 16613
1047.0 16612
1048.1 16613
1049.1 16614
1050.0 16616
1051.1 16616
1052.0 16614
1053.1 16613
1054.0 16614
1055.0 16613
1056.0 16614
1057.0 16613
1058.0 16609
1059.0 16611
1060.0 16609
1061.0 16609
1062.0 16610
1063.0 16610
1064.0 16612
1065.0 16613
1066.0 16612
1067.0 16612
1068.0 16611
1069.0 16612
1070.0 16612
1071.0 16611
1072.0 16613
1073.0 16615
1074.0 16615
1075.0 16616
1076.0 16615
1077.0 16617
1078.0 16618
1079.0 16617
1080.0 16617
1081.0 16616
1082.0 16615
1083.0 16617
1084.0 16617
1085.0 16616
1086.0 16615
1087.0 16616
1088.0 16617
1089.0 16618
1090.0 16618
1091.0 16617
1092.0 16617
1093.0 16617
1094.0 16616
1095.0 16617
1096.0 16617
1097.0 16617
1098.0 16619
1099.0 16617
1100.0 16616
1101.0 16618
1101.9 16622
1102.9 16624
1103.9 16622
1104.9 16621
1105.9 16621
1106.9 16622
1107.9 16623
1108.9 16622
1109.9 16623
1110.9 16620
1111.9 16621
1112.9 16622
1113.9 16623
1114.9 16621
1115.9 16619
1116.9 16620
1117.9 16620
1118.9 16622
1119.9 16621
1120.9 16622
1121.9 16620
1122.9 16621
1123.9 16621
1124.9 16621
1125.9 16619
1126.9 16620
1127.9 16622
1128.9 16621
1129.9 16623
1130.9 16623
1131.9 16623
1132.9 16625
1133.9 16627
1134.9 16622
1135.9 16620
1136.9 16621
1137.9 16623
1138.9 16622
1139.9 16623
1140.9 16623
1141.9 16623
1142.9 16623
1143.9 16620
1144.9 16617
1145.9 16612
1146.9 16613
1147.9 16614
1148.9 16617
1149.9 16616
1150.9 16615
1151.9 16616
1152.9 16617
1153.9 16614
1154.9 16613
1155.8 16614
1156.9 16614
1157.8 16612
1158.9 16616
1159.8 16612
1160.8 16609
1161.8 16609
1162.8 16608
1163.8 16609
1164.8 16609
1165.8 16609
1166.8 16607
1167.8 16609
1168.8 16608
1169.8 16607
1170.8 16609
1171.8 16610
1172.8 16610
1173.8 16613
1174.8 16612
1175.8 16609
1176.8 16610
1177.8 16610
1178.8 16605
1179.8 16607
1180.8 16607
1181.8 16605
1182.8 16607
1183.8 16606
1184.8 16607
1185.8 16606
1186.8 16605
1187.8 16606
1188.8 16608
1189.8 16606
1190.8 16607
1191.8 16605
1192.8 16605
1193.8 16607
1194.8 16606
1195.8 16605
1196.8 16603
1197.8 16605
1198.8 16610
1199.8 16610
1200.8 16608
1201.8 16607
1202.8 16607
1203.8 16608
1204.8 16610
1205.8 16609
1206.8 16613
1207.8 16611
1208.7 16612
1209.8 16609
1210.7 16611
1211.8 16610
1212.7 16609
1213.8 16610
1214.7 16611
1215.7 16606
1216.7 16607
1217.7 16606
1218.7 16607
1219.7 16608
1220.7 16607
1221.7 16611
1222.7 16610
1223.7 16608
1224.7 16610
1225.7 16609
1226.7 16609
1227.7 16611
1228.7 16609
1229.7 16610
1230.7 16609
1231.7 16610
1232.7 16609
1233.7 16612
1234.7 16612
1235.7 16612
1236.7 16612
1237.7 16608
1238.7 16610
1239.7 16611
1240.7 16611
1241.7 16611
1242.7 16612
1243.7 16611
1244.7 16611
1245.7 16612
1246.7 16611
1247.7 16612
1248.7 16614
1249.7 16614
1250.7 16612
1251.7 16612
1252.7 16611
1253.7 16612
1254.7 16610
1255.7 16610
1256.7 16608
1257.7 16609
1258.7 16609
1259.7 16612
1260.7 16610
1261.7 16611
1262.7 16612
1263.7 16611
1264.7 16610
1265.7 16610
1266.7 16610
1267.7 16611
1268.6 16610
1269.7 16608
1270.6 16608
1271.6 16608
1272.6 16608
1273.6 16607
1274.6 16608
1275.6 16606
1276.6 16608
1277.6 16610
1278.6 16610
1279.6 16610
1280.6 16609
1281.6 16608
1282.6 16607
1283.6 16604
1284.6 16608
1285.6 16609
1286.6 16610
1287.6 16611
1288.6 16613
1289.6 16613
1290.6 16612
1291.6 16609
1292.6 16609
1293.6 16606
1294.6 16604
1295.6 16604
1296.6 16602
1297.6 16607
1298.6 16609
1299.6 16607
1300.6 16608
1301.6 16607
1302.6 16605
1303.6 16604
1304.6 16605
1305.6 16600
1306.6 16602
1307.6 16603
1308.6 16604
1309.6 16606
1310.6 16606
1311.6 16608
1312.6 16605
1313.6 16603
1314.6 16606
1315.6 16605
1316.6 16605
1317.6 16605
1318.6 16605
1319.6 16604
1320.6 16601
1321.5 16604
1322.6 16603
1323.5 16601
1324.5 16601
1325.5 16599
1326.5 16600
1327.5 16599
1328.5 16599
1329.5 16598
1330.5 16597
1331.5 16603
1332.5 16604
1333.5 16605
1334.5 16606
1335.5 16604
1336.5 16606
1337.5 16608
1338.5 16608
1339.5 16605
1340.5 16606
1341.5 16606
1342.5 16609
1343.5 16608
1344.5 16608
1345.5 16606
1346.5 16605
1347.5 16606
1348.5 16606
1349.5 16605
1350.5 16604
1351.5 16605
1352.5 16608
1353.5 16608
1354.5 16606
1355.5 16604
1356.5 16607
1357.5 16606
1358.5 16606
1359.5 16607
1360.5 16607
1361.5 16607
1362.5 16605
1363.5 16606
1364.5 16607
1365.5 16607
1366.5 16608
1367.5 16608
1368.5 16608
1369.5 16608
1370.5 16609
1371.5 16611
1372.5 16611
1373.5 16612
1374.5 16611
1375.5 16612
1376.4 16608
1377.4 16609
1378.4 16609
1379.4 16610
1380.4 16610
1381.4 16609
1382.4 16609
1383.4 16613
1384.4 16612
1385.4 16611
1386.4 16612
1387.4 16614
1388.4 16613
1389.4 16611
1390.4 16609
1391.4 16607
1392.4 16610
1393.4 16609
1394.4 16608
1395.4 16609
1396.4 16610
1397.4 16610
1398.4 16609
1399.4 16608
1400.4 16609
1401.4 16608
1402.4 16610
1403.4 16613
1404.4 16614
1405.4 16610
1406.4 16609
1407.4 16611
1408.4 16612
1409.4 16615
1410.4 16617
1411.4 16618
1412.4 16616
1413.4 16618
1414.4 16619
1415.4 16621
1416.4 16621
1417.4 16619
1418.4 16617
1419.4 16617
1420.4 16617
1421.4 16617
1422.4 16617
1423.4 16618
1424.4 16618
1425.4 16620
1426.4 16618
1427.4 16615
1428.4 16617
1429.3 16617
1430.4 16615
1431.3 16616
1432.4 16618
1433.3 16614
1434.3 16615
1435.3 16615
1436.3 16613
1437.3 16619
1438.3 16621
1439.3 16623
1440.3 16622
1441.3 16620
1442.3 16621
1443.3 16623
1444.3 16622
1445.3 16622
1446.3 16621
1447.3 16620
1448.3 16619
1449.3 16619
1450.3 16621
1451.3 16621
1452.3 16619
1453.3 16619
1454.3 16620
1455.3 16613
1456.3 16611
1457.3 16609
1458.3 16616
1459.3 16621
1460.3 16622
1461.3 16621
1462.3 16623
1463.3 16622
1464.3 16618
1465.3 16614
1466.3 16614
1467.3 16617
1468.3 16618
1469.3 16620
1470.3 16619
1471.3 16620
1472.3 16621
1473.3 16619
1474.3 16619
1475.3 16619
1476.3 16621
1477.3 16623
1478.3 16624
1479.3 16623
1480.3 16626
1481.3 16628
1482.3 16628
1483.3 16626
1484.3 16624
1485.3 16623
1486.2 16624
1487.3 16623
1488.2 16626
1489.2 16623
1490.2 16621
1491.2 16623
1492.2 16623
1493.2 16624
1494.2 16624
1495.2 16622
1496.2 16623
1497.2 16625
1498.2 16622
1499.2 16621
1500.2 16623
1501.2 16620
1502.2 16621
1503.2 16622
1504.2 16621
1505.2 16619
1506.2 16620
1507.2 16622
1508.2 16621
1509.2 16620
1510.2 16620
1511.2 16623
1512.2 16624
1513.2 16626
1514.2 16624
1515.2 16621
1516.2 16619
1517.2 16620
1518.2 16618
1519.2 16620
1520.2 16620
1521.2 16623
1522.2 16620
1523.2 16620
1524.2 16622
1525.2 16622
1526.2 16619
1527.2 16620
1528.2 16622
1529.2 16622
1530.2 16622
1531.2 16622
1532.2 16621
1533.2 16620
1534.2 16621
1535.2 16620
1536.2 16623
1537.2 16623
1538.2 16622
1539.2 16621
1540.2 16615
1541.1 16616
1542.1 16617
1543.1 16616
1544.1 16617
1545.2 16613
1546.1 16611
1547.1 16611
1548.1 16613
1549.1 16613
1550.1 16611
1551.1 16611
1552.1 16613
1553.1 16614
1554.1 16614
1555.1 16613
1556.1 16615
1557.1 16619
1558.1 16618
1559.1 16618
1560.1 16619
1561.1 16616
1562.1 16617
1563.1 16617
1564.1 16617
1565.1 16618
1566.1 16619
1567.1 16621
1568.1 16621
1569.1 16621
1570.1 16620
1571.1 16623
1572.1 16622
1573.1 16621
1574.1 16620
1575.1 16620
1576.1 16621
1577.1 16621
1578.1 16617
1579.1 16619
1580.1 16617
1581.1 16616
1582.1 16617
1583.1 16619
1584.1 16619
1585.1 16623
1586.1 16623
1587.1 16622
1588.1 16622
1589.1 16622
1590.1 16619
1591.1 16623
1592.1 16621
1593.1 16623
1594.1 16623
1595.0 16623
1596.0 16624
1597.0 16624
1598.1 16619
1599.0 16617
1600.0 16618
1601.0 16617
1602.0 16615
1603.0 16616
1604.0 16616
1605.0 16615
1606.0 16615
1607.0 16612
1608.0 16618
1609.0 16617
1610.0 16617
1611.0 16618
1612.0 16621
1613.0 16619
1614.0 16621
1615.0 16619
1616.0 16618
1617.0 16619
1618.0 16617
1619.0 16621
1620.0 16622
1621.0 16622
1622.0 16622
1623.0 16623
1624.0 16622
1625.0 16618
1626.0 16619
1627.0 16618
1628.0 16619
1629.0 16618
1630.0 16617
1631.0 16616
1632.0 16616
1633.0 16619
1634.0 16620
1635.0 16621
1636.0 16618
1637.0 16618
1638.0 16618
1639.0 16617
1640.0 16618
1641.0 16619
1642.0 16619
1643.0 16621
1644.0 16621
1645.0 16620
1646.0 16619
1647.0 16618
1647.9 16619
1649.0 16621
1649.9 16622
1651.0 16622
1651.9 16624
1652.9 16624
1653.9 16621
1654.9 16622
1655.9 16622
1656.9 16623
1657.9 16624
1658.9 16624
1659.9 16624
1660.9 16625
1661.9 16626
1662.9 16625
1663.9 16623
1664.9 16624
1665.9 16624
1666.9 16622
1667.9 16625
1668.9 16625
1669.9 16625
1670.9 16624
1671.9 16627
1672.9 16626
1673.9 16626
1674.9 16622
1675.9 16620
1676.9 16620
1677.9 16619
1678.9 16619
1679.9 16618
1680.9 16619
1681.9 16621
1682.9 16623
1683.9 16624
1684.9 16622
1685.9 16621
1686.9 16621
1687.9 16621
1688.9 16619
1689.9 16619
1690.9 16620
1691.9 16622
1692.9 16623
1693.9 16625
1694.9 16623
1695.9 16620
1696.9 16620
1697.9 16621
1698.9 16621
1699.9 16621
1700.9 16622
1701.9 16621
1702.9 16620
1703.9 16620
1704.9 16621
1705.9 16618
1706.8 16618
1707.8 16619
1708.8 16618
1709.8 16616
1710.9 16616
1711.8 16619
1712.8 16619
1713.8 16618
1714.8 16617
1715.8 16613
1716.8 16612
1717.8 16614
1718.8 16618
1719.8 16617
1720.8 16621
1721.8 16620
1722.8 16620
1723.8 16619
1724.8 16620
1725.8 16619
1726.8 16622
1727.8 16621
1728.8 16621
1729.8 16623
1730.8 16622
1731.8 16620
1732.8 16618
1733.8 16617
1734.8 16616
1735.8 16615
1736.8 16616
1737.8 16619
1738.8 16618
1739.8 16617
1740.8 16619
1741.8 16618
1742.8 16617
1743.8 16618
1744.8 16619
1745.8 16618
1746.8 16617
1747.8 16619
1748.8 16621
1749.8 16617
1750.8 16617
1751.8 16616
1752.8 16614
1753.8 16616
1754.8 16613
1755.8 16614
1756.8 16613
1757.8 16614
1758.8 16617
1759.8 16618
1760.8 16618
1761.8 16619
1762.8 16620
1763.8 16619
1764.7 16620
1765.8 16619
1766.7 16620
1767.7 16616
1768.7 16617
1769.7 16617
1770.7 16617
1771.7 16618
1772.7 16617
1773.7 16620
1774.7 16619
1775.7 16618
1776.7 16620
1777.7 16622
1778.7 16623
1779.7 16623
1780.7 16623
1781.7 16622
1782.7 16622
1783.7 16623
1784.7 16623
1785.7 16622
1786.7 16621
1787.7 16622
1788.7 16620
1789.7 16619
1790.7 16618
1791.7 16618
1792.7 16617
1793.7 16618
1794.7 16618
1795.7 16616
1796.7 16617
1797.7 16618
1798.7 16622
1799.7 16622
1800.7 16625
1801.7 16625
1802.7 16625
1803.7 16625
1804.7 16626
1805.7 16625
1806.7 16628
1807.7 16624
1808.7 16626
1809.7 16621
1810.7 16623
1811.7 16623
1812.7 16626
1813.7 16625
1814.7 16623
1815.7 16624
1816.7 16625
1817.7 16629
1818.7 16629
1819.6 16624
1820.6 16626
1821.6 16625
1822.6 16627
1823.6 16627
1824.6 16626
1825.6 16624
1826.6 16627
1827.6 16626
1828.6 16627
1829.6 16626
1830.6 16625
1831.6 16626
1832.6 16627
1833.6 16626
1834.6 16626
1835.6 16625
1836.6 16626
1837.6 16627
1838.6 16626
1839.6 16626
1840.6 16628
1841.6 16626
1842.6 16625
1843.6 16624
1844.6 16626
1845.6 16624
1846.6 16624
1847.6 16628
1848.6 16629
1849.6 16628
1850.6 16628
1851.6 16627
1852.6 16627
1853.6 16628
1854.6 16623
1855.6 16623
1856.6 16625
1857.6 16627
1858.6 16628
1859.6 16626
1860.6 16626
1861.6 16628
1862.6 16625
1863.6 16623
1864.6 16625
1865.6 16623
1866.6 16625
1867.6 16625
1868.6 16624
1869.6 16625
1870.6 16626
1871.6 16624
1872.6 16624
1873.5 16623
1874.6 16623
1875.5 16623
1876.5 16625
1877.5 16625
1878.5 16626
1879.5 16626
1880.5 16626
1881.5 16628
1882.5 16628
1883.5 16629
1884.5 16629
1885.5 16628
1886.5 16628
1887.5 16627
1888.5 16628
1889.5 16629
1890.5 16627
1891.5 16625
1892.5 16627
1893.5 16631
1894.5 16630
1895.5 16629
1896.5 16630
1897.5 16631
1898.5 16631
1899.5 16631
1900.5 16633
1901.5 16632
1902.5 16633
1903.5 16633
1904.5 16633
1905.5 16630
1906.5 16630
1907.5 16635
1908.5 16632
1909.5 16628
1910.5 16627
1911.5 16629
1912.5 16628
1913.5 16625
1914.5 16627
1915.5 16625
1916.5 16627
1917.5 16631
1918.5 16634
1919.5 16633
1920.5 16632
1921.5 16630
1922.5 16629
1923.5 16630
1924.5 16628
1925.5 16626
1926.5 16627
1927.5 16626
1928.4 16627
1929.5 16624
1930.4 16625
1931.5 16627
1932.4 16628
1933.4 16626
1934.4 16626
1935.4 16624
1936.4 16626
1937.4 16626
1938.4 16627
1939.4 16626
1940.4 16625
1941.4 16627
1942.4 16628
1943.4 16629
1944.4 16627
1945.4 16626
1946.4 16626
1947.4 16628
1948.4 16628
1949.4 16629
1950.4 16630
1951.4 16627
1952.4 16629
1953.4 16630
1954.4 16630
1955.4 16627
1956.4 16627
1957.4 16630
1958.4 16632
1959.4 16631
1960.4 16630
1961.4 16632
1962.4 16632
1963.4 16633
1964.4 16635
1965.4 16634
1966.4 16632
1967.4 16634
1968.4 16633
1969.4 16634
1970.4 16635
1971.4 16634
1972.4 16636
1973.4 16634
1974.4 16631
1975.4 16632
1976.4 16633
1977.4 16634
1978.4 16633
1979.4 16633
1980.4 16631
1981.4 16629
1982.4 16631
1983.3 16633
1984.4 16636
1985.3 16638
1986.3 16633
1987.3 16634
1988.3 16635
1989.3 16634
1990.3 16634
1991.3 16637
1992.3 16637
1993.3 16637
1994.3 16637
1995.3 16637
1996.3 16636
1997.3 16639
1998.3 16638
1999.3 16639
2000.3 16639
2001.3 16641
2002.3 16638
2003.3 16637
2004.3 16635
2005.3 16634
2006.3 16635
2007.3 16633
2008.3 16634
2009.3 16631
2010.3 16631
2011.3 16631
2012.3 16633
2013.3 16635
2014.3 16633
2015.3 16634
2016.3 16635
2017.3 16632
2018.3 16630
2019.3 16633
2020.3 16633
2021.3 16633
2022.3 16633
2023.3 16633
2024.3 16635
2025.3 16633
2026.3 16634
2027.3 16635
2028.3 16636
2029.3 16636
2030.3 16636
2031.3 16636
2032.3 16636
2033.3 16634
2034.3 16634
2035.3 16634
2036.2 16634
2037.3 16634
2038.2 16636
2039.3 16635
2040.2 16637
2041.2 16638
2042.2 16636
2043.2 16636
2044.2 16636
2045.2 16636
2046.2 16633
2047.2 16635
2048.2 16637
2049.2 16635
2050.2 16634
2051.2 16635
2052.2 16635
2053.2 16633
2054.2 16631
2055.2 16634
2056.2 16633
2057.2 16631
2058.2 16630
2059.2 16632
2060.2 16633
2061.2 16632
2062.2 16633
2063.2 16633
2064.2 16634
2065.2 16637
2066.2 16637
2067.2 16635
2068.2 16635
2069.2 16633
2070.2 16632
2071.2 16634
2072.2 16634
2073.2 16633
2074.2 16635
2075.2 16634
2076.2 16635
2077.2 16637
2078.2 16637
2079.2 16636
2080.2 16638
2081.2 16637
2082.2 16637
2083.2 16638
2084.2 16637
2085.2 16633
2086.2 16634
2087.1 16635
2088.2 16636
2089.2 16636
2090.2 16635
2091.1 16636
2092.2 16636
2093.1 16634
2094.1 16635
2095.1 16633
2096.1 16633
2097.1 16636
2098.1 16636
2099.1 16638
2100.1 16638
2101.1 16635
2102.1 16635
2103.1 16634
2104.1 16634
2105.1 16634
2106.1 16634
2107.1 16631
2108.1 16630
2109.1 16631
2110.1 16633
2111.1 16634
2112.1 16631
2113.1 16631
2114.1 16631
2115.1 16629
2116.1 16630
2117.1 16628
2118.1 16628
2119.1 16630
2120.1 16632
2121.1 16631
2122.1 16631
2123.1 16630
2124.1 16628
2125.1 16625
2126.1 16625
2127.1 16625
2128.1 16623
2129.1 16624
2130.1 16625
2131.1 16625
2132.1 16626
2133.1 16629
2134.1 16631
2135.1 16629
2136.1 16629
2137.1 16627
2138.1 16625
2139.1 16627
2140.1 16627
2141.1 16620
2142.1 16621
2143.1 16617
2144.0 16616
2145.1 16619
2146.0 16618
2147.0 16620
2148.0 16620
2149.0 16620
2150.0 16623
2151.0 16627
2152.0 16625
2153.0 16623
2154.0 16623
2155.0 16623
2156.0 16625
2157.0 16625
2158.0 16623
2159.0 16626
2160.0 16623
2161.0 16626
2162.0 16625
2163.0 16624
2164.0 16625
2165.0 16623
2166.0 16622
2167.0 16626
2168.0 16627
2169.0 16627
2170.0 16629
2171.0 16630
2172.0 16629
2173.0 16627
2174.0 16626
2175.0 16629
2176.0 16628
2177.0 16630
2178.0 16630
2179.0 16631
2180.0 16632
2181.0 16627
2182.0 16628
2183.0 16626
2184.0 16626
2185.0 16630
2186.0 16631
2187.0 16631
2188.0 16628
2189.0 16630
2190.0 16628
2191.0 16629
2192.0 16632
2193.0 16626
2194.0 16629
2194.9 16629
2196.0 16629
2197.0 16628
2198.0 16629
2198.9 16628
2199.9 16627
2200.9 16628
2201.9 16627
2202.9 16626
2203.9 16624
2204.9 16625
2205.9 16625
2206.9 16622
2207.9 16624
2208.9 16623
2209.9 16622
2210.9 16625
2211.9 16624
2212.9 16622
2213.9 16622
2214.9 16623
2215.9 16620
2216.9 16620
2217.9 16621
2218.9 16621
2219.9 16621
2220.9 16622
2221.9 16623
2222.9 16624
2223.9 16624
2224.9 16625
2225.9 16625
2226.9 16625
2227.9 16622
2228.9 16623
2229.9 16623
2230.9 16624
2231.9 16621
2232.9 16621
2233.9 16620
2234.9 16622
2235.9 16623
2236.9 16623
2237.9 16627
2238.9 16625
2239.9 16627
2240.9 16623
2241.9 16623
2242.9 16621
2243.9 16622
2244.9 16617
2245.9 16618
2246.9 16620
2247.8 16624
2248.9 16624
2249.8 16624
2250.9 16624
2251.8 16621
2252.9 16624
2253.8 16623
2254.8 16627
2255.8 16627
2256.8 16625
2257.9 16621
2258.8 16621
2259.8 16625
2260.8 16625
2261.8 16626
2262.8 16628
2263.8 16629
2264.8 16630
2265.8 16626
2266.8 16628
2267.8 16630
2268.8 16629
2269.8 16626
2270.8 16630
2271.8 16631
2272.8 16631
2273.8 16632
2274.8 16632
2275.8 16631
2276.8 16631
2277.8 16630
2278.8 16631
2279.8 16633
2280.8 16634
2281.8 16635
2282.8 16631
2283.8 16628
2284.8 16631
2285.8 16633
2286.8 16630
2287.8 16629
2288.8 16629
2289.8 16628
2290.8 16626
2291.8 16629
2292.8 16628
2293.8 16627
2294.8 16626
2295.8 16624
2296.8 16625
2297.8 16624
2298.8 16621
2299.8 16626
2300.8 16625
2301.8 16624
2302.7 16625
2303.8 16626
2304.7 16627
2305.8 16627
2306.8 16626
2307.7 16627
2308.7 16627
2309.7 16626
2310.7 16625
2311.7 16627
2312.7 16627
2313.7 16628
2314.7 16629
2315.7 16629
2316.7 16626
2317.7 16627
2318.7 16627
2319.7 16626
2320.7 16624
2321.7 16625
2322.7 16626
2323.7 16627
2324.7 16624
2325.7 16626
2326.7 16626
2327.7 16629
2328.7 16632
2329.7 16630
2330.7 16629
2331.7 16631
2332.7 16633
2333.7 16632
2334.7 16632
2335.7 16632
2336.7 16631
2337.7 16629
2338.7 16627
2339.7 16630
2340.7 16630
2341.7 16627
2342.7 16626
2343.7 16626
2344.7 16627
2345.7 16626
2346.7 16626
2347.7 16630
2348.7 16628
2349.7 16628
2350.7 16628
2351.7 16628
2352.7 16627
2353.7 16629
2354.7 16625
2355.7 16630
2356.7 16629
2357.7 16628
2358.7 16624
2359.7 16621
2360.6 16621
2361.7 16626
2362.6 16628
2363.7 16632
2364.6 16630
2365.6 16632
2366.6 16634
2367.6 16631
2368.6 16633
2369.6 16632
2370.6 16633
2371.6 16627
2372.6 16629
2373.6 16631
2374.6 16631
2375.6 16632
2376.6 16631
2377.6 16631
2378.6 16634
2379.6 16632
2380.6 16632
2381.6 16631
2382.6 16634
2383.6 16635
2384.6 16635
2385.6 16636
2386.6 16636
2387.6 16634
2388.6 16631
2389.6 16631
2390.6 16631
2391.6 16631
2392.6 16629
2393.6 16629
2394.6 16629
2395.6 16631
2396.6 16632
2397.6 16632
2398.6 16631
2399.6 16633
2400.6 16635
2401.6 16635
2402.6 16633
2403.6 16635
2404.6 16633
2405.6 16633
2406.6 16632
2407.6 16631
2408.6 16633
2409.6 16631
2410.6 16630
2411.6 16630
2412.6 16631
2413.5 16632
2414.6 16631
2415.5 16631
2416.5 16632
2417.5 16631
2418.6 16631
2419.5 16630
2420.5 16631
2421.5 16631
2422.5 16630
2423.5 16634
2424.5 16631
2425.5 16632
2426.5 16632
2427.5 16632
2428.5 16633
2429.5 16633
2430.5 16633
2431.5 16633
2432.5 16630
2433.5 16632
2434.5 16629
2435.5 16628
2436.5 16626
2437.5 16626
2438.5 16625
2439.5 16625
2440.5 16626
2441.5 16626
2442.5 16627
2443.5 16628
2444.5 16633
2445.5 16634
2446.5 16634
2447.5 16634
2448.5 16634
2449.5 16633
2450.5 16631
2451.5 16633
2452.5 16633
2453.5 16632
2454.5 16630
2455.5 16629
2456.5 16627
2457.5 16629
2458.5 16632
2459.5 16633
2460.5 16631
2461.5 16631
2462.5 16632
2463.5 16632
2464.5 16631
2465.5 16632
2466.5 16634
2467.5 16629
2468.5 16628
2469.5 16628
2470.5 16631
2471.5 16631
2472.5 16630
2473.4 16627
2474.4 16627
2475.4 16629
2476.4 16630
2477.4 16632
2478.4 16631
2479.4 16631
2480.4 16629
2481.4 16628
2482.4 16627
2483.4 16628
2484.4 16628
2485.4 16628
2486.4 16626
2487.4 16627
2488.4 16629
2489.4 16625
2490.4 16622
2491.4 16626
2492.4 16625
2493.4 16623
2494.4 16623
2495.4 16623
2496.4 16627
2497.4 16625
2498.4 16625
2499.4 16627
2500.4 16626
2501.4 16627
2502.4 16625
2503.4 16626
2504.4 16626
2505.4 16625
2506.4 16624
2507.4 16624
2508.4 16628
2509.4 16628
2510.4 16626
2511.4 16627
2512.4 16626
2513.4 16626
2514.4 16626
2515.4 16628
2516.4 16630
2517.4 16630
2518.4 16629
2519.4 16628
2520.4 16627
2521.4 16626
2522.4 16626
2523.3 16625
2524.4 16624
2525.3 16624
2526.3 16625
2527.3 16627
2528.3 16624
2529.3 16625
2530.3 16624
2531.3 16625
2532.3 16624
2533.3 16625
2534.3 16623
2535.3 16625
2536.3 16624
2537.3 16623
2538.3 16623
2539.3 16622
2540.3 16622
2541.3 16623
2542.3 16625
2543.3 16626
2544.3 16627
2545.3 16626
2546.3 16625
2547.3 16624
2548.3 16625
2549.3 16626
2550.3 16627
2551.3 16630
2552.3 16627
2553.3 16631
2554.3 16629
2555.3 16630
2556.3 16629
2557.3 16629
2558.3 16629
2559.3 16626
2560.3 16627
2561.3 16628
2562.3 16626
2563.3 16628
2564.3 16626
2565.3 16626
2566.3 16626
2567.3 16628
2568.3 16626
2569.3 16626
2570.3 16626
2571.3 16627
2572.3 16627
2573.3 16628
2574.3 16627
2575.3 16625
2576.2 16622
2577.3 16624
2578.3 16622
2579.3 16620
2580.2 16620
2581.2 16623
2582.3 16623
2583.2 16621
2584.2 16625
2585.2 16624
2586.2 16624
2587.2 16623
2588.2 16623
2589.2 16625
2590.2 16626
2591.2 16627
2592.2 16627
2593.2 16628
2594.2 16629
2595.2 16629
2596.2 16629
2597.2 16630
2598.2 16628
2599.2 16627
2600.2 16625
2601.2 16627
2602.2 16629
2603.2 16629
2604.2 16626
2605.2 16626
2606.2 16627
2607.2 16629
2608.2 16629
2609.2 16629
2610.2 16627
2611.2 16626
2612.2 16628
2613.2 16627
2614.2 16626
2615.2 16626
2616.2 16627
2617.2 16628
2618.2 16629
2619.2 16629
2620.2 16632
2621.2 16627
2622.2 16628
2623.2 16629
2624.2 16630
2625.2 16630
2626.2 16631
2627.2 16633
2628.2 16634
2629.2 16631
2630.2 16633
2631.2 16632
2632.2 16639
2633.2 16641
2634.1 16643
2635.2 16643
2636.1 16641
2637.1 16642
2638.1 16643
2639.1 16642
2640.1 16642
2641.1 16643
2642.1 16643
2643.1 16644
2644.1 16644
2645.1 16644
2646.1 16642
2647.1 16642
2648.1 16642
2649.1 16643
2650.1 16644
2651.1 16643
2652.1 16643
2653.1 16644
2654.1 16643
2655.1 16643
2656.1 16643
2657.1 16641
2658.1 16640
2659.1 16639
2660.1 16639
2661.1 16638
2662.1 16635
2663.1 16633
2664.1 16632
2665.1 16632
2666.1 16630
2667.1 16631
2668.1 16630
2669.1 16631
2670.1 16629
2671.1 16629
2672.1 16626
2673.1 16629
2674.1 16628
2675.1 16629
2676.1 16626
2677.1 16629
2678.1 16630
2679.1 16629
2680.1 16631
2681.1 16630
2682.1 16632
2683.1 16634
2684.1 16632
2685.1 16631
2686.1 16631
2687.1 16632
2688.1 16634
2689.1 16633
2690.1 16632
2691.1 16630
2692.1 16630
2693.0 16631
2694.0 16632
2695.1 16633
2696.0 16629
2697.1 16629
2698.0 16631
2699.0 16633
2700.0 16633
2701.0 16634
2702.0 16635
2703.0 16637
2704.0 16636
2705.0 16634
2706.0 16634
2707.0 16634
2708.0 16636
2709.0 16638
2710.0 16637
2711.0 16635
2712.0 16636
2713.0 16637
2714.0 16636
2715.0 16634
2716.0 16632
2717.0 16632
2718.0 16632
2719.0 16632
2720.0 16632
2721.0 16635
2722.0 16637
2723.0 16637
2724.0 16637
2725.0 16636
2726.0 16634
2727.0 16635
2728.0 16636
2729.0 16633
2730.0 16633
2731.0 16631
2732.0 16627
2733.0 16625
2734.0 16624
2735.0 16625
2736.0 16625
2737.0 16625
2738.0 16624
2739.0 16625
2740.0 16626
2741.0 16625
2742.0 16627
2743.0 16628
2744.0 16626
2745.0 16623
2746.0 16624
2746.9 16626
2748.0 16626
2748.9 16626
2750.0 16623
2750.9 16622
2751.9 16624
2752.9 16628
2753.9 16627
2754.9 16627
2755.9 16627
2756.9 16627
2757.9 16626
2758.9 16628
2759.9 16627
2760.9 16629
2761.9 16626
2762.9 16627
2763.9 16628
2764.9 16629
2765.9 16629
2766.9 16628
2767.9 16629
2768.9 16626
2769.9 16626
2770.9 16629
2771.9 16631
2772.9 16630
2773.9 16629
2774.9 16626
2775.9 16627
2776.9 16627
2777.9 16625
2778.9 16624
2779.9 16627
2780.9 16626
2781.9 16628
2782.9 16628
2783.9 16627
2784.9 16626
2785.9 16626
2786.9 16626
2787.9 16627
2788.9 16627
2789.9 16629
2790.9 16632
2791.9 16631
2792.9 16630
2793.9 16630
2794.9 16631
2795.9 16629
2796.9 16626
2797.9 16626
2798.9 16625
2799.9 16625
2800.9 16626
2801.8 16625
2802.9 16626
2803.8 16625
2804.9 16628
2805.8 16629
2806.8 16633
2807.8 16630
2808.8 16633
2809.8 16632
2810.8 16633
2811.8 16632
2812.8 16633
2813.8 16632
2814.8 16634
2815.8 16634
2816.8 16633
2817.8 16633
2818.8 16633
2819.8 16633
2820.8 16629
2821.8 16633
2822.8 16632
2823.8 16631
2824.8 16631
2825.8 16632
2826.8 16630
2827.8 16630
2828.8 16630
2829.8 16632
2830.8 16630
2831.8 16630
2832.8 16629
2833.8 16629
2834.8 16628
2835.8 16629
2836.8 16626
2837.8 16625
2838.8 16623
2839.8 16625
2840.8 16626
2841.8 16626
2842.8 16626
2843.8 16627
2844.8 16625
2845.8 16627
2846.8 16630
2847.8 16635
2848.8 16633
2849.8 16632
2850.8 16633
2851.8 16632
2852.8 16633
2853.8 16634
2854.8 16631
2855.8 16632
2856.8 16632
2857.8 16633
2858.8 16634
2859.7 16632
2860.7 16629
2861.7 16630
2862.8 16631
2863.8 16629
2864.7 16628
2865.7 16628
2866.7 16625
2867.7 16625
2868.7 16626
2869.7 16627
2870.7 16630
2871.7 16629
